  0.276074708    
  0.278161764    
  0.280272484    
  0.282407314    
  0.284566551    
  0.286750585    
  0.288959771    
  0.291194558    
  0.293455303    
  0.295742422    
  0.298056304    
  0.300397366    
  0.302766085    
  0.305104017    
  0.307528585    
  0.309982061    
  0.312464952    
  0.314977765    
  0.317520857    
  0.320094824    
  0.322700143    
  0.325337321    
  0.328006804    
  0.330709249    
  0.333445132    
  0.336214989    
  0.339019388    
  0.341858953    
  0.344734251    
  0.347645849    
  0.350594401    
  0.353580475    
  0.356604785    
  0.359667957    
  0.362770617    
  0.365913481    
  0.369097233    
  0.372322619    
  0.375510097    
  0.378819823    
  0.382173330    
  0.385571420    
  0.389014930    
  0.392504543    
  0.396041214    
  0.399625778    
  0.403259069    
  0.406941891    
  0.410675257    
  0.414460093    
  0.418297291    
  0.422187805    
  0.426132649    
  0.430132896    
  0.434189498    
  0.438303560    
  0.442476124    
  0.446708351    
  0.451001406    
  0.455356359    
  0.459774435    
  0.464256942    
  0.468805045    
  0.473306626    
  0.477988124    
  0.482739151    
  0.487561077    
  0.492455333    
  0.497423321    
  0.502466559    
  0.507586539    
  0.512784839    
  0.518063128    
  0.523422897    
  0.528865933    
  0.534393966    
  0.540008664    
  0.545711935    
  0.551505685    
  0.557391703    
  0.563371956    
  0.569448590    
  0.575623572    
  0.581899047    
  0.588277221    
  0.594760239    
  0.601350546    
  0.608050406    
  0.614694774    
  0.621618390    
  0.628658950    
  0.635819197    
  0.643101811    
  0.650509536    
  0.658045352    
  0.665712118    
  0.673512876    
  0.681450784    
  0.689529002    
  0.697750866    
  0.706119835    
  0.714639306    
  0.723312974    
  0.732144654    
  0.741137862    
  0.750296950    
  0.759625614    
  0.769128323    
  0.778809190    
  0.788672805    
  0.798723757    
  0.808966756    
  0.819406629    
  0.829786539    
  0.840630531    
  0.851686835    
  0.862961233    
  0.874459326    
  0.886186957    
  0.898150325    
  0.910355747    
  0.922809601    
  0.935518861    
  0.948490262    
  0.961731315    
  0.975249052    
  0.989051521    
   1.00314641    
   1.01754236    
   1.03224754    
   1.04727101    
   1.06262195    
   1.07830966    
   1.09434414    
   1.11073565    
   1.12749445    
   1.14463186    
   1.16215897    
   1.17964566    
   1.19797802    
   1.21673656    
   1.23593450    
   1.25558555    
   1.27570379    
   1.29630399    
   1.31740189    
   1.33901274    
   1.36115360    
   1.38384163    
   1.40709496    
   1.43093193    
   1.45537210    
   1.48043573    
   1.50614405    
   1.53251898    
   1.55958354    
   1.58736122    
   1.61587763    
   1.64515817    
   1.67523026    
   1.70612216    
   1.73786378    
   1.77048528    
   1.80319083    
   1.83764839    
   1.87308669    
   1.90954316    
   1.94705606    
   1.98566604    
   2.02541542    
   2.06634855    
   2.10851240    
   2.15195537    
   2.19672871    
   2.24288630    
   2.29048443    
   2.33958268    
   2.39024258    
   2.44253063    
   2.49651480    
   2.55226803    
   2.60986590    
   2.66938901    
   2.73092198    
   2.79455400    
   2.86037850    
   2.92849493    
   2.99900746    
   3.07021499    
   3.14579201    
   3.22411203    
   3.30530548    
   3.38950992    
   3.47687030    
   3.56754136    
   3.66168594    
   3.75947690    
   3.86109805    
   3.96674347    
   4.07661915    
   4.19094467    
   4.30995274    
   4.43389034    
   4.56302023    
   4.69762230    
   4.83799362    
   4.98445129    
   5.13733196    
   5.29699373    
   5.46382093    
   5.63822031    
   5.82062674    
   6.01150417    
   6.20636225    
   6.41545916    
   6.63459921    
   6.86437941    
   7.10544062    
   7.35846615    
   7.62418222    
   7.90336609    
   8.19684315    
   8.50549698    
   8.83026218    
   9.17213631    
   9.53217602    
   9.91150379    
   10.3113050    
   10.7328310    
   11.1774035    
   11.6464024    
   12.1412745    
   12.6635227    
   13.2146988    
   13.7963963    
   14.4102345    
   15.0578375    
   15.7408133    
   16.4427109    
   17.2000637    
   17.9971161    
   18.8350010    
   19.7145844    
   20.6363659    
   21.6003876    
   22.6061115    
   23.6522732    
   24.7367458    
   25.8563728    
   27.0067883    
   28.1822605    
   29.3755245    
   30.5776539    
   31.7779732    
   32.9640236    
   34.1216393    
   35.2351265    
   36.2875404    
   37.2611389    
   38.1379509    
   38.9004669    
   39.5323944    
   40.0194740    
   40.3441010    
   40.5145836    
   40.5166473    
   40.3502388    
   40.0194740    
   39.5323944    
   38.9004669    
   38.1379509    
   37.2611389    
   36.2875404    
   35.2351265    
   34.1216393    
   32.9640236    
   31.7779732    
   30.5776539    
   29.3755245    
   28.1822605    
   27.0067883    
   25.8563728    
   24.7367458    
   23.6522732    
   22.6061115    
   21.6003876    
   20.6363659    
   19.7145844    
   18.8559551    
   18.0170631    
   17.2190266    
   16.4607201    
   15.7408133    
   15.0578375    
   14.4102345    
   13.7963963    
   13.2146988    
   12.6635227    
   12.1412745    
   11.6464024    
   11.1774035    
   10.7328310    
   10.3113050    
   9.91150379    
   9.53217602    
   9.17213631    
   8.83026218    
   8.50549698    
   8.19684315    
   7.90336609    
   7.62418222    
   7.35846615    
   7.10544062    
   6.87012243    
   6.64007425    
   6.42068243    
   6.21134710    
   6.01150417    
   5.82062674    
   5.63822031    
   5.46382093    
   5.29699373    
   5.13733196    
   4.98445129    
   4.83799362    
   4.69762230    
   4.56302023    
   4.43389034    
   4.30995274    
   4.19094467    
   4.07661915    
   3.96674347    
   3.86109805    
   3.75947690    
   3.66168594    
   3.56754136    
   3.47687030    
   3.38950992    
   3.30732298    
   3.22605753    
   3.14766884    
   3.07202649    
   2.99900746    
   2.92849493    
   2.86037850    
   2.79455400    
   2.73092198    
   2.66938901    
   2.60986590    
   2.55226803    
   2.49651480    
   2.44253063    
   2.39024258    
   2.33958268    
   2.29048443    
   2.24288630    
   2.19672871    
   2.15195537    
   2.10851240    
   2.06634855    
   2.02541542    
   1.98566604    
   1.94705606    
   1.91044545    
   1.87396359    
   1.83850098    
   1.80402005    
   1.77048528    
   1.73786378    
   1.70612216    
   1.67523026    
   1.64515817    
   1.61587763    
   1.58736122    
   1.55958354    
   1.53251898    
   1.50614405    
   1.48043573    
   1.45537210    
   1.43093193    
   1.40709496    
   1.38384163    
   1.36115360    
   1.33901274    
   1.31740189    
   1.29630399    
   1.27570379    
   1.25558555    
   1.23640835    
   1.21719956    
   1.19843042    
   1.18008792    
   1.16215897    
   1.14463186    
   1.12749445    
   1.11073565    
   1.09434414    
   1.07830966    
   1.06262195    
   1.04727101    
   1.03224754    
   1.01754236    
   1.00314641    
  0.989051521    
  0.975249052    
  0.961731315    
  0.948490262    
  0.935518861    
  0.922809601    
  0.910355747    
  0.898150325    
  0.886186957    
  0.874459326    
  0.863238990    
  0.851959229    
  0.840897560    
  0.830048501    
  0.819406629    
  0.808966756    
  0.798723757    
  0.788672805    
  0.778809190    
  0.769128323    
  0.759625614    
  0.750296950    
  0.741137862    
  0.732144654    
  0.723312974    
  0.714639306    
  0.706119835    
  0.697750866    
  0.689529002    
  0.681450784    
  0.673512876    
  0.665712118    
  0.658045352    
  0.650509536    
  0.643101811    
  0.635995388    
  0.628832161    
  0.621788681    
  0.614862323    
  0.608050406    
  0.601350546    
  0.594760239    
  0.588277221    
  0.581899047    
  0.575623572    
  0.569448590    
  0.563371956    
  0.557391703    
  0.551505685    
  0.545711935    
  0.540008664    
  0.534393966    
  0.528865933    
  0.523422897    
  0.518063128    
  0.512784839    
  0.507586539    
  0.502466559    
  0.497423321    
  0.492455333    
  0.487679601    
  0.482855916    
  0.478103161    
  0.473419964    
  0.468805045    
  0.464256942    
  0.459774435    
  0.455356359    
  0.451001406    
  0.446708351    
  0.442476124    
  0.438303560    
  0.434189498    
  0.430132896    
  0.426132649    
  0.422187805    
  0.418297291    
  0.414460093    
  0.410675257    
  0.406941891    
  0.403259069    
  0.399625778    
  0.396041214    
  0.392504543    
  0.389014930    
  0.385654896    
  0.382255673    
  0.378901064    
  0.375590295    
  0.372322619    
  0.369097233    
  0.365913481    
  0.362770617    
  0.359667957    
  0.356604785    
  0.353580475    
  0.350594401    
  0.347645849    
  0.344734251    
  0.341858953    
  0.339019388    
  0.336214989    
  0.333445132    
  0.330709249    
  0.328006804    
  0.325337321    
  0.322700143    
  0.320094824    
  0.317520857    
  0.314977765    
  0.312525898    
  0.310042262    
  0.307588071    
  0.305162817    
  0.302766085    
  0.300397366    
  0.298056304    
  0.295742422    
  0.293455303    
  0.291194558    
  0.288959771    
  0.286750585    
