  0.919089198    
  0.923944652    
  0.928836882    
  0.933766425    
  0.938733578    
  0.943738759    
  0.948782206    
  0.953864515    
  0.958985865    
  0.964146733    
  0.969347417    
  0.974588335    
  0.979740739    
  0.985062361    
  0.990425587    
  0.995830536    
   1.00127780    
   1.00676775    
   1.01230085    
   1.01787746    
   1.02349818    
   1.02916312    
   1.03487301    
   1.04062808    
   1.04642904    
   1.05227613    
   1.05817008    
   1.06411099    
   1.07009947    
   1.07613623    
   1.08222151    
   1.08835578    
   1.09453976    
   1.10077369    
   1.10705841    
   1.11339402    
   1.11978126    
   1.12606311    
   1.13255382    
   1.13909793    
   1.14569557    
   1.15234780    
   1.15905464    
   1.16581714    
   1.17263544    
   1.17951035    
   1.18644249    
   1.19343233    
   1.20048046    
   1.20758760    
   1.21475434    
   1.22198141    
   1.22926903    
   1.23661828    
   1.24402952    
   1.25150359    
   1.25904095    
   1.26664245    
   1.27430868    
   1.28204048    
   1.28983808    
   1.29770267    
   1.30544055    
   1.31343913    
   1.32150674    
   1.32964396    
   1.33785152    
   1.34613037    
   1.35448122    
   1.36290455    
   1.37140143    
   1.37997258    
   1.38861871    
   1.39734054    
   1.40613925    
   1.41501522    
   1.42396963    
   1.43300319    
   1.44211674    
   1.45131099    
   1.46058714    
   1.46994579    
   1.47938800    
   1.48891461    
   1.49852657    
   1.50822473    
   1.51800990    
   1.52764153    
   1.53760195    
   1.54765236    
   1.55779350    
   1.56802702    
   1.57835329    
   1.58877373    
   1.59928906    
   1.60990047    
   1.62060893    
   1.63141572    
   1.64232147    
   1.65332782    
   1.66443539    
   1.67564583    
   1.68695974    
   1.69837821    
   1.70990288    
   1.72153461    
   1.73327434    
   1.74512386    
   1.75708377    
   1.76915586    
   1.78134072    
   1.79363990    
   1.80575061    
   1.81827950    
   1.83092654    
   1.84369266    
   1.85657966    
   1.86958861    
   1.88272107    
   1.89597809    
   1.90936112    
   1.92287159    
   1.93651092    
   1.95028019    
   1.96418142    
   1.97821546    
   1.99238443    
   2.00668907    
   2.02113128    
   2.03571224    
   2.05043387    
   2.06529713    
   2.08030415    
   2.09545588    
   2.11075497    
   2.12620163    
   2.14179802    
   2.15716004    
   2.17305732    
   2.18910885    
   2.20531678    
   2.22168279    
   2.23820806    
   2.25489497    
   2.27174449    
   2.28875875    
   2.30593944    
   2.32328820    
   2.34080672    
   2.35849738    
   2.37636089    
   2.39439988    
   2.41261601    
   2.43101072    
   2.44958615    
   2.46834397    
   2.48728609    
   2.50641465    
   2.52573085    
   2.54523754    
   2.56493568    
   2.58482766    
   2.60442281    
   2.62470293    
   2.64518213    
   2.66586280    
   2.68674707    
   2.70783591    
   2.72913265    
   2.75063801    
   2.77235389    
   2.79428315    
   2.81642652    
   2.83878732    
   2.86136675    
   2.88416648    
   2.90718961    
   2.93043661    
   2.95391011    
   2.97761250    
   3.00154448    
   3.02570915    
   3.05010748    
   3.07474184    
   3.09961438    
   3.12472653    
   3.15008020    
   3.17504978    
   3.20088577    
   3.22696853    
   3.25330043    
   3.27988219    
   3.30671644    
   3.33380437    
   3.36114764    
   3.38874793    
   3.41660690    
   3.44472575    
   3.47310638    
   3.50175023    
   3.53065825    
   3.55983233    
   3.58927345    
   3.61898303    
   3.64896226    
   3.67921185    
   3.70973372    
   3.74052787    
   3.77159595    
   3.80293870    
   3.83455682    
   3.86645079    
   3.89783311    
   3.93027449    
   3.96299291    
   3.99598932    
   4.02926350    
   4.06281614    
   4.09664679    
   4.13075590    
   4.16514254    
   4.19980717    
   4.23474789    
   4.26996565    
   4.30545855    
   4.34122610    
   4.37726736    
   4.41358089    
   4.45016479    
   4.48701859    
   4.52413940    
   4.56152630    
   4.59917641    
   4.63708782    
   4.67525768    
   4.71368361    
   4.75236177    
   4.79033804    
   4.82950687    
   4.86891890    
   4.90856934    
   4.94845438    
   4.98857069    
   5.02891207    
   5.06947470    
   5.11025286    
   5.15124130    
   5.19243431    
   5.23382568    
   5.27540922    
   5.31717777    
   5.35912466    
   5.40124369    
   5.44352531    
   5.48596287    
   5.52854729    
   5.57127094    
   5.61412382    
   5.65709782    
   5.70018148    
   5.74336576    
   5.78663969    
   5.82893562    
   5.87235546    
   5.91583252    
   5.95935440    
   6.00290775    
   6.04648209    
   6.09006310    
   6.13363743    
   6.17719030    
   6.22070837    
   6.26417685    
   6.30758095    
   6.35090446    
   6.39413309    
   6.43724918    
   6.48023748    
   6.52307940    
   6.56575918    
   6.60825825    
   6.65055990    
   6.69264412    
   6.73449421    
   6.77609015    
   6.81741333    
   6.85844278    
   6.89817142    
   6.93856573    
   6.97860670    
   7.01827621    
   7.05755186    
   7.09641314    
   7.13483953    
   7.17281055    
   7.21030331    
   7.24729729    
   7.28377056    
   7.31970215    
   7.35507011    
   7.38985348    
   7.42402983    
   7.45757866    
   7.49047756    
   7.52270699    
   7.55424356    
   7.58506870    
   7.61515999    
   7.64449739    
   7.67306042    
   7.70083046    
   7.72778559    
   7.75328207    
   7.77857447    
   7.80299711    
   7.82653284    
   7.84916258    
   7.87087107    
   7.89164114    
   7.91145658    
   7.93030214    
   7.94816542    
   7.96502876    
   7.98088217    
   7.99571133    
   8.00950623    
   8.02225304    
   8.03394413    
   8.04456806    
   8.05411816    
   8.06258583    
   8.06996441    
   8.07624626    
   8.08142853    
   8.08550549    
   8.08847523    
   8.09033298    
   8.09107494    
   8.09073544    
   8.08928394    
   8.08672047    
   8.08304882    
   8.07826996    
   8.07238960    
   8.06541157    
   8.05734158    
   8.04818821    
   8.03795433    
   8.02665329    
   8.01429081    
   8.00087929    
   7.98642683    
   7.97094727    
   7.95445061    
   7.93695259    
   7.91846466    
   7.89900255    
   7.87857914    
   7.85721254    
   7.83491755    
   7.81171227    
   7.78761148    
   7.76325417    
   7.73744106    
   7.71078730    
   7.68331337    
   7.65503788    
   7.62598181    
   7.59616327    
   7.56560564    
   7.53432608    
   7.50234795    
   7.46969128    
   7.43637753    
   7.40242815    
   7.36786461    
   7.33270836    
   7.29698038    
   7.26070213    
   7.22389698    
   7.18658352    
   7.14878607    
   7.11052370    
   7.07181883    
   7.03269148    
   6.99316454    
   6.95325613    
   6.91397524    
   6.87337685    
   6.83245850    
   6.79124117    
   6.74974251    
   6.70798397    
   6.66598272    
   6.62375879    
   6.58132887    
   6.53871346    
   6.49592876    
   6.45299244    
   6.40992117    
   6.36673260    
   6.32344103    
   6.28006506    
   6.23661757    
   6.19311619    
   6.14957380    
   6.10600615    
   6.06242657    
   6.01884890    
   5.97528553    
   5.93175077    
   5.88825560    
   5.84587193    
   5.80249262    
   5.75918722    
   5.71596956    
   5.67284727    
   5.62983274    
   5.58693409    
   5.54416275    
   5.50152588    
   5.45903349    
   5.41669369    
   5.37451506    
   5.33250380    
   5.29066944    
   5.24901676    
   5.20755482    
   5.16628838    
   5.12522459    
   5.08436871    
   5.04372644    
   5.00330353    
   4.96310472    
   4.92313433    
   4.88339758    
   4.84389782    
   4.80559444    
   4.76657534    
   4.72780514    
   4.68928623    
   4.65102243    
   4.61301613    
   4.57527018    
   4.53778696    
   4.50056839    
   4.46361685    
   4.42693377    
   4.39052105    
   4.35438013    
   4.31851244    
   4.28291845    
   4.24760056    
   4.21255779    
   4.17779255    
   4.14330387    
   4.10909367    
   4.07516098    
   4.04150677    
   4.00813055    
   3.97503257    
   3.94221210    
   3.91046023    
   3.87818837    
   3.84619284    
   3.81447411    
   3.78303099    
   3.75186253    
   3.72096801    
   3.69034696    
   3.65999770    
   3.62991977    
   3.60011148    
   3.57057238    
   3.54130101    
   3.51229572    
   3.48355508    
   3.45507836    
   3.42686391    
   3.39891028    
   3.37121534    
   3.34377813    
   3.31659698    
   3.28967047    
   3.26299644    
   3.23657346    
   3.21039939    
   3.18510294    
   3.15941644    
   3.13397384    
   3.10877395    
   3.08381391    
   3.05909252    
   3.03460813    
   3.01035810    
   2.98634100    
   2.96255493    
   2.93899822    
   2.91566825    
   2.89256406    
   2.86968231    
   2.84702277    
   2.82458234    
   2.80235934    
   2.78035188    
   2.75855780    
   2.73697567    
   2.71560359    
   2.69443846    
   2.67347980    
   2.65272522    
   2.63217211    
   2.61231327    
   2.59215379    
   2.57219052    
   2.55242157    
   2.53284550    
   2.51345944    
   2.49426270    
   2.47525263    
   2.45642757    
   2.43778563    
   2.41932464    
   2.40104342    
   2.38294005    
   2.36501241    
   2.34725904    
   2.32967782    
   2.31226707    
   2.29502511    
   2.27795005    
   2.26104021    
   2.24429440    
   2.22771001    
   2.21128607    
   2.19502068    
   2.17891192    
   2.16334558    
   2.14754200    
   2.13189030    
   2.11638856    
   2.10103607    
   2.08583069    
   2.07077098    
   2.05585504    
   2.04108167    
   2.02644944    
   2.01195669    
   1.99760187    
   1.98338366    
   1.96930027    
   1.95535088    
   1.94153333    
   1.92784643    
   1.91428912    
   1.90085971    
   1.88755655    
   1.87437892    
   1.86132467    
   1.84839344    
   1.83558309    
   1.82289279    
   1.81062603    
   1.79816854    
   1.78582728    
   1.77360034    
   1.76148736    
   1.74948645    
   1.73759687    
   1.72581708    
   1.71414578    
   1.70258236    
   1.69112504    
   1.67977285    
   1.66852486    
   1.65737963    
   1.64633656    
   1.63539410    
   1.62455118    
   1.61380684    
   1.60316014    
   1.59260952    
   1.58215463    
   1.57179403    
   1.56152689    
   1.55135190    
   1.54126847    
   1.53151798    
   1.52161205    
   1.51179469    
   1.50206447    
   1.49242115    
   1.48286343    
   1.47339058    
   1.46400142    
   1.45469522    
   1.44547105    
   1.43632805    
   1.42726529    
   1.41828203    
   1.40937746    
   1.40055072    
   1.39180076    
   1.38312697    
   1.37452853    
   1.36600471    
   1.35755444    
   1.34917724    
   1.34087205    
   1.33263862    
   1.32447565    
   1.31638265    
   1.30855370    
   1.30059683    
   1.29270768    
   1.28488541    
   1.27712965    
   1.26943958    
   1.26181459    
   1.25425375    
   1.24675655    
   1.23932242    
   1.23195064    
   1.22464049    
   1.21739137    
   1.21020257    
   1.20307386    
   1.19600415    
   1.18899298    
   1.18203986    
   1.17514408    
   1.16830504    
   1.16152227    
   1.15479505    
   1.14812303    
   1.14150548    
   1.13494182    
   1.12858975    
   1.12213111    
   1.11572480    
   1.10937023    
   1.10306704    
   1.09681463    
   1.09061253    
   1.08446002    
