  0.962985754    
  0.965873063    
  0.968771458    
  0.971681058    
  0.974601865    
  0.977533996    
  0.980477452    
  0.983432293    
  0.986398518    
  0.989376247    
  0.992365420    
  0.995366275    
  0.998304963    
   1.00132859    
   1.00436413    
   1.00741124    
   1.01047015    
   1.01354098    
   1.01662350    
   1.01971805    
   1.02282465    
   1.02594316    
   1.02907372    
   1.03221631    
   1.03537118    
   1.03853834    
   1.04171753    
   1.04490900    
   1.04811299    
   1.05132926    
   1.05455792    
   1.05779910    
   1.06105280    
   1.06431913    
   1.06759810    
   1.07088971    
   1.07419395    
   1.07743001    
   1.08075953    
   1.08410192    
   1.08745718    
   1.09082556    
   1.09420669    
   1.09760118    
   1.10100853    
   1.10442901    
   1.10786271    
   1.11130965    
   1.11476982    
   1.11824346    
   1.12173045    
   1.12523079    
   1.12874460    
   1.13227201    
   1.13581288    
   1.13936746    
   1.14293563    
   1.14651752    
   1.15011322    
   1.15372276    
   1.15734613    
   1.16098332    
   1.16454530    
   1.16821003    
   1.17188895    
   1.17558181    
   1.17928910    
   1.18301034    
   1.18674576    
   1.19049561    
   1.19425964    
   1.19803810    
   1.20183098    
   1.20563829    
   1.20946014    
   1.21329665    
   1.21714759    
   1.22101319    
   1.22489357    
   1.22878861    
   1.23269844    
   1.23662305    
   1.24056280    
   1.24451721    
   1.24848664    
   1.25247109    
   1.25647068    
   1.26038718    
   1.26441646    
   1.26846099    
   1.27252090    
   1.27659583    
   1.28068626    
   1.28479207    
   1.28891313    
   1.29304981    
   1.29720175    
   1.30136943    
   1.30555248    
   1.30975139    
   1.31396580    
   1.31819594    
   1.32244182    
   1.32670355    
   1.33098090    
   1.33527422    
   1.33958340    
   1.34390855    
   1.34824967    
   1.35260689    
   1.35698020    
   1.36136949    
   1.36566710    
   1.37008846    
   1.37452579    
   1.37897944    
   1.38344932    
   1.38793552    
   1.39243817    
   1.39695680    
   1.40149236    
   1.40604424    
   1.41061234    
   1.41519713    
   1.41979849    
   1.42441654    
   1.42905104    
   1.43370199    
   1.43836975    
   1.44305420    
   1.44775558    
   1.45247352    
   1.45720840    
   1.46195996    
   1.46672845    
   1.47151363    
   1.47631574    
   1.48101699    
   1.48585272    
   1.49070513    
   1.49557471    
   1.50046122    
   1.50536466    
   1.51028550    
   1.51522279    
   1.52017772    
   1.52514946    
   1.53013837    
   1.53514445    
   1.54016769    
   1.54520810    
   1.55026579    
   1.55534029    
   1.56043231    
   1.56554139    
   1.57066786    
   1.57581127    
   1.58097231    
   1.58615017    
   1.59134567    
   1.59655821    
   1.60178816    
   1.60690701    
   1.61217093    
   1.61745214    
   1.62275076    
   1.62806642    
   1.63339937    
   1.63874984    
   1.64411712    
   1.64950204    
   1.65490389    
   1.66032326    
   1.66575968    
   1.67121339    
   1.67668438    
   1.68217254    
   1.68767762    
   1.69320011    
   1.69873953    
   1.70429623    
   1.70986998    
   1.71546090    
   1.72106874    
   1.72669375    
   1.73233569    
   1.73799455    
   1.74353170    
   1.74922419    
   1.75493348    
   1.76065958    
   1.76640236    
   1.77216208    
   1.77793860    
   1.78373158    
   1.78954136    
   1.79536784    
   1.80121064    
   1.80707026    
   1.81294620    
   1.81883860    
   1.82474732    
   1.83067238    
   1.83661366    
   1.84257102    
   1.84854484    
   1.85453427    
   1.86054015    
   1.86656177    
   1.87259936    
   1.87865269    
   1.88472176    
   1.89065778    
   1.89675760    
   1.90287304    
   1.90900385    
   1.91514993    
   1.92131126    
   1.92748785    
   1.93367946    
   1.93988597    
   1.94610739    
   1.95234370    
   1.95859444    
   1.96486008    
   1.97114003    
   1.97743428    
   1.98374283    
   1.99006557    
   1.99640214    
   2.00275278    
   2.00911713    
   2.01549530    
   2.02188683    
   2.02829194    
   2.03471017    
   2.04114175    
   2.04742885    
   2.05388570    
   2.06035542    
   2.06683779    
   2.07333279    
   2.07983971    
   2.08635879    
   2.09289002    
   2.09943295    
   2.10598755    
   2.11255360    
   2.11913109    
   2.12571955    
   2.13231921    
   2.13892937    
   2.14555025    
   2.15218186    
   2.15882325    
   2.16547489    
   2.17213631    
   2.17880774    
   2.18548822    
   2.19217825    
   2.19887710    
   2.20558476    
   2.21213722    
   2.21886182    
   2.22559452    
   2.23233533    
   2.23908353    
   2.24583960    
   2.25260282    
   2.25937319    
   2.26615024    
   2.27293372    
   2.27972364    
   2.28651953    
   2.29332137    
   2.30012870    
   2.30694103    
   2.31375861    
   2.32058096    
   2.32740760    
   2.33423853    
   2.34107351    
   2.34791183    
   2.35475373    
   2.36159849    
   2.36844611    
   2.37529588    
   2.38198113    
   2.38883495    
   2.39569020    
   2.40254712    
   2.40940452    
   2.41626263    
   2.42312121    
   2.42997932    
   2.43683743    
   2.44369435    
   2.45055032    
   2.45740509    
   2.46425772    
   2.47110868    
   2.47795677    
   2.48480201    
   2.49164438    
   2.49848294    
   2.50531745    
   2.51214767    
   2.51897335    
   2.52579379    
   2.53260899    
   2.53941822    
   2.54622126    
   2.55285168    
   2.55964136    
   2.56642318    
   2.57319760    
   2.57996368    
   2.58672071    
   2.59346890    
   2.60020781    
   2.60693645    
   2.61365509    
   2.62036252    
   2.62705922    
   2.63374400    
   2.64041686    
   2.64707685    
   2.65372396    
   2.66035795    
   2.66697788    
   2.67358327    
   2.68017411    
   2.68674994    
   2.69330931    
   2.69985318    
   2.70638013    
   2.71289015    
   2.71922421    
   2.72569871    
   2.73215461    
   2.73859167    
   2.74500918    
   2.75140643    
   2.75778341    
   2.76413965    
   2.77047396    
   2.77678657    
   2.78307652    
   2.78934360    
   2.79558682    
   2.80180669    
   2.80800152    
   2.81417131    
   2.82031608    
   2.82643461    
   2.83252621    
   2.83859110    
   2.84462833    
   2.85063696    
   2.85661793    
   2.86256933    
   2.86849093    
   2.87423873    
   2.88010025    
   2.88593054    
   2.89172888    
   2.89749527    
   2.90322852    
   2.90892863    
   2.91459489    
   2.92022705    
   2.92582369    
   2.93138504    
   2.93691063    
   2.94239998    
   2.94785166    
   2.95326591    
   2.95864248    
   2.96398020    
   2.96927905    
   2.97453785    
   2.97975683    
   2.98493505    
   2.99007154    
   2.99516678    
   3.00021982    
   3.00522995    
   3.01007652    
   3.01500058    
   3.01988029    
   3.02471542    
   3.02950549    
   3.03424931    
   3.03894711    
   3.04359770    
   3.04820156    
   3.05275726    
   3.05726480    
   3.06172323    
   3.06613278    
   3.07049227    
   3.07480192    
   3.07906032    
   3.08326817    
   3.08742428    
   3.09152770    
   3.09557915    
   3.09957743    
   3.10352182    
   3.10741305    
   3.11124921    
   3.11503100    
   3.11866736    
   3.12233925    
   3.12595534    
   3.12951446    
   3.13301730    
   3.13646221    
   3.13984990    
   3.14317918    
   3.14645004    
   3.14966178    
   3.15281463    
   3.15590739    
   3.15894032    
   3.16191268    
   3.16482449    
   3.16767502    
   3.17046404    
   3.17319155    
   3.17585659    
   3.17845941    
   3.18099928    
   3.18347621    
   3.18588972    
   3.18823934    
   3.19052553    
   3.19269347    
   3.19485188    
   3.19694591    
   3.19897461    
   3.20093799    
   3.20283556    
   3.20466757    
   3.20643377    
   3.20813370    
   3.20976686    
   3.21133351    
   3.21283340    
   3.21426606    
   3.21563148    
   3.21692944    
   3.21816015    
   3.21932316    
   3.22041774    
   3.22144461    
   3.22240329    
   3.22329402    
   3.22411561    
   3.22486949    
   3.22555423    
   3.22617126    
   3.22670603    
   3.22718668    
   3.22759795    
   3.22794056    
   3.22821450    
   3.22841883    
   3.22855449    
   3.22862101    
   3.22861838    
   3.22854686    
   3.22840619    
   3.22819662    
   3.22791791    
   3.22757006    
   3.22715354    
   3.22666812    
   3.22611380    
   3.22549081    
   3.22479916    
   3.22403884    
   3.22321010    
   3.22231293    
   3.22134757    
   3.22031379    
   3.21921253    
   3.21807241    
   3.21683693    
   3.21553397    
   3.21416330    
   3.21272612    
   3.21122098    
   3.20964980    
   3.20801139    
   3.20630693    
   3.20453596    
   3.20269895    
   3.20079660    
   3.19882822    
   3.19679475    
   3.19469619    
   3.19253254    
   3.19030499    
   3.18801308    
   3.18565702    
   3.18323755    
   3.18075442    
   3.17820811    
   3.17559958    
   3.17292786    
   3.17019486    
   3.16746855    
   3.16461349    
   3.16169715    
   3.15872049    
   3.15568328    
   3.15258574    
   3.14942908    
   3.14621234    
   3.14293766    
   3.13960409    
   3.13621211    
   3.13276267    
   3.12925625    
   3.12569237    
   3.12207246    
   3.11839628    
   3.11466455    
   3.11087751    
   3.10703564    
   3.10313964    
   3.09918976    
   3.09518600    
   3.09112978    
   3.08702087    
   3.08286023    
   3.07875085    
   3.07448840    
   3.07017517    
   3.06581187    
   3.06139874    
   3.05693626    
   3.05242538    
   3.04786611    
   3.04325938    
   3.03860474    
   3.03390384    
   3.02915645    
   3.02436328    
   3.01952481    
   3.01464176    
   3.00971437    
   3.00474310    
   2.99972892    
   2.99467182    
   2.98957253    
   2.98443174    
   2.97924924    
   2.97402668    
   2.96876359    
   2.96346116    
   2.95825052    
   2.95287132    
   2.94745398    
   2.94199920    
   2.93650770    
   2.93097925    
   2.92541552    
   2.91981554    
   2.91418147    
   2.90851283    
   2.90281034    
   2.89707446    
   2.89130592    
   2.88550496    
   2.87967229    
   2.87380862    
   2.86791444    
   2.86198974    
   2.85603571    
   2.85005236    
   2.84404063    
   2.83800030    
   2.83193302    
   2.82583857    
   2.81971788    
   2.81372094    
   2.80754924    
   2.80135226    
   2.79513097    
   2.78888583    
   2.78261685    
   2.77632546    
   2.77001143    
   2.76367545    
   2.75731754    
   2.75093913    
   2.74454021    
   2.73812127    
   2.73168302    
   2.72522545    
   2.71874952    
   2.71225572    
   2.70574427    
   2.69921541    
   2.69267035    
   2.68610907    
   2.67953181    
   2.67293954    
   2.66633272    
   2.65971136    
   2.65323830    
   2.64658976    
   2.63992882    
   2.63325524    
   2.62656951    
   2.61987209    
   2.61316371    
   2.60644484    
   2.59971499    
   2.59297562    
   2.58622670    
   2.57946873    
   2.57270217    
   2.56592751    
   2.55914474    
   2.55235457    
   2.54555774    
   2.53875399    
   2.53194427    
   2.52512884    
   2.51830769    
   2.51148152    
   2.50465083    
   2.49781585    
   2.49097681    
   2.48430133    
   2.47745562    
   2.47060728    
   2.46375656    
   2.45690346    
   2.45004869    
   2.44319248    
   2.43633556    
   2.42947769    
   2.42261910    
   2.41576099    
   2.40890288    
   2.40204525    
   2.39518881    
   2.38833332    
   2.38147950    
   2.37462759    
   2.36777782    
   2.36093044    
   2.35408616    
   2.34724474    
   2.34040642    
   2.33357191    
   2.32674170    
   2.31991529    
   2.31325984    
   2.30644250    
   2.29963040    
   2.29282331    
   2.28602219    
   2.27922654    
   2.27243710    
   2.26565409    
   2.25887752    
   2.25210762    
   2.24534512    
   2.23858953    
   2.23184180    
   2.22510171    
   2.21836925    
   2.21164536    
   2.20493007    
   2.19822311    
   2.19152498    
   2.18483591    
   2.17815638    
   2.17148590    
   2.16482544    
   2.15817499    
   2.15153432    
   2.14506555    
   2.13844538    
   2.13183594    
   2.12523723    
   2.11864924    
   2.11207271    
   2.10550761    
   2.09895372    
   2.09241176    
   2.08588147    
   2.07936311    
   2.07285690    
   2.06636310    
   2.05988169    
   2.05341291    
   2.04695678    
   2.04051375    
   2.03408360    
   2.02766657    
   2.02126265    
   2.01487255    
   2.00849581    
   2.00213265    
   1.99578345    
   1.98944795    
   1.98328078    
   1.97697318    
   1.97068000    
   1.96440101    
   1.95813668    
   1.95188677    
   1.94565177    
   1.93943143    
   1.93322599    
   1.92703533    
   1.92085993    
   1.91469979    
   1.90855467    
   1.90242517    
   1.89631081    
   1.89021194    
   1.88412893    
   1.87806129    
   1.87200952    
   1.86597347    
   1.85995352    
   1.85394931    
   1.84796131    
   1.84198916    
   1.83603323    
   1.83023822    
   1.82431448    
   1.81840682    
   1.81251585    
   1.80664098    
   1.80078268    
   1.79494107    
   1.78911579    
   1.78330719    
   1.77751529    
   1.77174008    
   1.76598167    
   1.76023984    
   1.75451517    
   1.74880707    
   1.74311578    
   1.73744178    
   1.73178434    
   1.72614419    
   1.72052085    
   1.71491480    
   1.70932531    
   1.70375347    
   1.69819844    
   1.69266045    
   1.68727422    
   1.68177021    
   1.67628336    
   1.67081392    
   1.66536140    
   1.65992606    
   1.65450823    
   1.64910722    
   1.64372385    
   1.63835764    
   1.63300860    
   1.62767684    
   1.62236238    
   1.61706519    
   1.61178529    
   1.60652256    
   1.60127711    
   1.59604883    
   1.59083796    
   1.58564436    
   1.58046794    
   1.57530868    
   1.57016695    
   1.56504238    
   1.55993474    
   1.55496836    
   1.54989505    
   1.54483867    
   1.53979957    
   1.53477764    
   1.52977276    
   1.52478516    
   1.51981449    
   1.51486111    
   1.50992465    
   1.50500548    
   1.50010300    
   1.49521780    
   1.49034953    
   1.48549831    
   1.48066390    
   1.47584641    
   1.47104585    
   1.46626234    
   1.46149540    
   1.45674574    
   1.45201254    
   1.44729626    
   1.44259667    
   1.43791366    
   1.43336117    
   1.42871130    
   1.42407787    
   1.41946125    
   1.41486120    
   1.41027749    
   1.40571058    
   1.40115988    
   1.39662576    
   1.39210796    
   1.38760662    
   1.38312161    
   1.37865305    
   1.37420046    
   1.36976433    
   1.36534429    
   1.36094046    
   1.35655260    
   1.35218120    
   1.34782553    
   1.34348607    
   1.33916235    
   1.33485484    
   1.33056283    
   1.32628703    
   1.32213056    
   1.31788588    
   1.31365693    
   1.30944359    
   1.30524588    
   1.30106390    
   1.29689741    
   1.29274642    
   1.28861105    
   1.28449106    
   1.28038645    
   1.27629721    
   1.27222323    
   1.26816463    
   1.26412117    
   1.26009285    
   1.25607967    
   1.25208163    
   1.24809873    
   1.24413073    
   1.24017775    
   1.23623967    
   1.23231637    
   1.22840798    
