  0.276136696    
  0.278226346    
  0.280339748    
  0.282477260    
  0.284639269    
  0.286826164    
  0.289038301    
  0.291276038    
  0.293539852    
  0.295830101    
  0.298147202    
  0.300491571    
  0.302863628    
  0.305204958    
  0.307633072    
  0.310090154    
  0.312576801    
  0.315093338    
  0.317640394    
  0.320218354    
  0.322827756    
  0.325469106    
  0.328142971    
  0.330849767    
  0.333590150    
  0.336364686    
  0.339173853    
  0.342018306    
  0.344898552    
  0.347815275    
  0.350769103    
  0.353760570    
  0.356790394    
  0.359859198    
  0.362967700    
  0.366116524    
  0.369306386    
  0.372538060    
  0.375731796    
  0.379048139    
  0.382408381    
  0.385813445    
  0.389264047    
  0.392761052    
  0.396305203    
  0.399897486    
  0.403538615    
  0.407229632    
  0.410971344    
  0.414764673    
  0.418610662    
  0.422510207    
  0.426464379    
  0.430474102    
  0.434540480    
  0.438664585    
  0.442847490    
  0.447090328    
  0.451394260    
  0.455760419    
  0.460190028    
  0.464684278    
  0.469244540    
  0.473758340    
  0.478452682    
  0.483216912    
  0.488052368    
  0.492960572    
  0.497942924    
  0.503000915    
  0.508136094    
  0.513350070    
  0.518644392    
  0.524020672    
  0.529480755    
  0.535026252    
  0.540659010    
  0.546380877    
  0.552193642    
  0.558099389    
  0.564099908    
  0.570197403    
  0.576393902    
  0.582691491    
  0.589092493    
  0.595599055    
  0.602213562    
  0.608938456    
  0.615607917    
  0.622557998    
  0.629625976    
  0.636814415    
  0.644126117    
  0.651563883    
  0.659130692    
  0.666829348    
  0.674663126    
  0.682635069    
  0.690748394    
  0.699006557    
  0.707413018    
  0.715971231    
  0.724684894    
  0.733557761    
  0.742593706    
  0.751796782    
  0.761171043    
  0.770720899    
  0.780450463    
  0.790364504    
  0.800467551    
  0.810764432    
  0.821260154    
  0.831696332    
  0.842600048    
  0.853718221    
  0.865056574    
  0.876621008    
  0.888417304    
  0.900451839    
  0.912730992    
  0.925261319    
  0.938049793    
  0.951103508    
  0.964429617    
  0.978035867    
  0.991930068    
   1.00612032    
   1.02061498    
   1.03542292    
   1.05055308    
   1.06601465    
   1.08181751    
   1.09797168    
   1.11448741    
   1.13137567    
   1.14864755    
   1.16631460    
   1.18394327    
   1.20242703    
   1.22134340    
   1.24070549    
   1.26052773    
   1.28082418    
   1.30161047    
   1.32290196    
   1.34471512    
   1.36706698    
   1.38997531    
   1.41345823    
   1.43753529    
   1.46222615    
   1.48755205    
   1.51353419    
   1.54019558    
   1.56755960    
   1.59565115    
   1.62449551    
   1.65411997    
   1.68455195    
   1.71582150    
   1.74795830    
   1.78099513    
   1.81412506    
   1.84903884    
   1.88495660    
   1.92191625    
   1.95995820    
   1.99912441    
   2.03945875    
   2.08100772    
   2.12381935    
   2.16794491    
   2.21343756    
   2.26035333    
   2.30875134    
   2.35869336    
   2.41024470    
   2.46347380    
   2.51845288    
   2.57525802    
   2.63396907    
   2.69467115    
   2.75745225    
   2.82240701    
   2.88963461    
   2.95923948    
   3.03133297    
   3.10417724    
   3.18153691    
   3.26175308    
   3.34496522    
   3.43131948    
   3.52097154    
   3.61408663    
   3.71084046    
   3.81141853    
   3.91601849    
   4.02485085    
   4.13813877    
   4.25611973    
   4.37904787    
   4.50719213    
   4.64084053    
   4.78029966    
   4.92589664    
   5.07798100    
   5.23692608    
   5.40313053    
   5.57702255    
   5.75905609    
   5.94972229    
   6.14954329    
   6.35384893    
   6.57344389    
   6.80398369    
   7.04615831    
   7.30070877    
   7.56842899    
   7.85017252    
   8.14685345    
   8.45945358    
   8.78902912    
   9.13670826    
   9.50370598    
   9.89132118    
   10.3009453    
   10.7340689    
   11.1922808    
   11.6772804    
   12.1908731    
   12.7349768    
   13.3116207    
   13.9229460    
   14.5711966    
   15.2587137    
   15.9879208    
   16.7613010    
   17.5608006    
   18.4288521    
   19.3485031    
   20.3220844    
   21.3517246    
   22.4392262    
   23.5859470    
   24.7926388    
   26.0592480    
   27.3846931    
   28.7666149    
   30.2010708    
   31.6822529    
   33.2021484    
   34.7502518    
   36.3132973    
   37.8750763    
   39.4163704    
   40.9150734    
   42.3465309    
   43.6841125    
   44.9001007    
   45.9668083    
   46.8579292    
   47.5499840    
   48.0149536    
   48.2626457    
   48.2714386    
   48.0410614    
   47.5782928    
   46.8964767    
   46.0145531    
   44.9558220    
   43.7464752    
   42.4141808    
   40.9866714    
   39.4906540    
   37.9509048    
   36.3896561    
   34.8262711    
   33.2771072    
   31.7555695    
   30.2722931    
   28.8354073    
   27.4508190    
   26.1225529    
   24.8530388    
   23.6434155    
   22.4937801    
   21.4034176    
   20.3955002    
   19.4178829    
   18.4943638    
   17.6226196    
   16.8002014    
   16.0246010    
   15.2932968    
   14.6038036    
   13.9536924    
   13.3406191    
   12.7623339    
   12.2166910    
   11.7016544    
   11.2153034    
   10.7558250    
   10.3215160    
   9.91077995    
   9.52212524    
   9.15415287    
   8.80555916    
   8.47512817    
   8.16172409    
   7.86429071    
   7.58184052    
   7.31345606    
   7.06435537    
   6.82130051    
   6.58993340    
   6.36956024    
   6.15953445    
   5.95925236    
   5.76815271    
   5.58570910    
   5.41143131    
   5.24486208    
   5.08557224    
   4.93316174    
   4.78725672    
   4.64750624    
   4.51358175    
   4.38517570    
   4.26199961    
   4.14378262    
   4.03027153    
   3.92122722    
   3.81642604    
   3.71565652    
   3.61872053    
   3.52543211    
   3.43561482    
   3.35117507    
   3.26773858    
   3.18730760    
   3.10974383    
   3.03491521    
   2.96269774    
   2.89297390    
   2.82563281    
   2.76056957    
   2.69768453    
   2.63688350    
   2.57807732    
   2.52118087    
   2.46611452    
   2.41280174    
   2.36117029    
   2.31115127    
   2.26267934    
   2.21569252    
   2.17013192    
   2.12594104    
   2.08306623    
   2.04145694    
   2.00106454    
   1.96184230    
   1.92466271    
   1.88762498    
   1.85163248    
   1.81664634    
   1.78263032    
   1.74954879    
   1.71736872    
   1.68605769    
   1.65558541    
   1.62592244    
   1.59704053    
   1.56891298    
   1.54151404    
   1.51481879    
   1.48880410    
   1.46344674    
   1.43872523    
   1.41461885    
   1.39110732    
   1.36817145    
   1.34579301    
   1.32395387    
   1.30263722    
   1.28182673    
   1.26150668    
   1.24214017    
   1.22274470    
   1.20379639    
   1.18528128    
   1.16718674    
   1.14950013    
   1.13220918    
   1.11530256    
   1.09876883    
   1.08259737    
   1.06677759    
   1.05129945    
   1.03615344    
   1.02133000    
   1.00682020    
  0.992615283    
  0.978706896    
  0.965086758    
  0.951747119    
  0.938680410    
  0.925879180    
  0.913336277    
  0.901045144    
  0.888998747    
  0.877191007    
  0.865895092    
  0.854540348    
  0.843406260    
  0.832487047    
  0.821777284    
  0.811271787    
  0.800965309    
  0.790852845    
  0.780929804    
  0.771191239    
  0.761632860    
  0.752250075    
  0.743038714    
  0.733994663    
  0.725113988    
  0.716392636    
  0.707826912    
  0.699413180    
  0.691147864    
  0.683027446    
  0.675048769    
  0.667208374    
  0.659503162    
  0.651929975    
  0.644486010    
  0.637345195    
  0.630147874    
  0.623071194    
  0.616112530    
  0.609269381    
  0.602539062    
  0.595919192    
  0.589407384    
  0.583001316    
  0.576698720    
  0.570497394    
  0.564395070    
  0.558389843    
  0.552479565    
  0.546662271    
  0.540936053    
  0.535299003    
  0.529749274    
  0.524285078    
  0.518904686    
  0.513606429    
  0.508388638    
  0.503249586    
  0.498187870    
  0.493201911    
  0.488409042    
  0.483568311    
  0.478798896    
  0.474099457    
  0.469468683    
  0.464905232    
  0.460407704    
  0.455974996    
  0.451605767    
  0.447298855    
  0.443053067    
  0.438867241    
  0.434740305    
  0.430671155    
  0.426658630    
  0.422701806    
  0.418799639    
  0.414951086    
  0.411155134    
  0.407410949    
  0.403717518    
  0.400073946    
  0.396479338    
  0.392932802    
  0.389433533    
  0.386064351    
  0.382656038    
  0.379292458    
  0.375972986    
  0.372696787    
  0.369463056    
  0.366271168    
  0.363120347    
  0.360009938    
  0.356939197    
  0.353907466    
  0.350914121    
  0.347958505    
  0.345040023    
  0.342157930    
  0.339311749    
  0.336500913    
  0.333724707    
  0.330982655    
  0.328274220    
  0.325598776    
  0.322955847    
  0.320344895    
  0.317765415    
  0.315216899    
  0.312759906    
  0.310271114    
  0.307811856    
  0.305381656    
  0.302980036    
  0.300606638    
  0.298260927    
  0.295942485    
  0.293650955    
  0.291385889    
  0.289146841    
  0.286933482    
