  0.991221130    
  0.995227396    
  0.999255896    
   1.00330675    
   1.00738013    
   1.01147616    
   1.01559508    
   1.01973677    
   1.02390182    
   1.02809000    
   1.03230166    
   1.03653693    
   1.04069161    
   1.04497385    
   1.04928005    
   1.05361056    
   1.05796540    
   1.06234467    
   1.06674862    
   1.07117748    
   1.07563126    
   1.08011031    
   1.08461463    
   1.08914447    
   1.09369981    
   1.09828126    
   1.10288858    
   1.10752201    
   1.11218190    
   1.11686826    
   1.12158132    
   1.12632120    
   1.13108802    
   1.13588238    
   1.14070392    
   1.14555311    
   1.15043008    
   1.15521491    
   1.16014719    
   1.16510773    
   1.17009687    
   1.17511463    
   1.18016136    
   1.18523693    
   1.19034183    
   1.19547617    
   1.20064008    
   1.20583391    
   1.21105778    
   1.21631169    
   1.22159612    
   1.22691107    
   1.23225701    
   1.23763371    
   1.24304175    
   1.24848115    
   1.25395215    
   1.25945485    
   1.26498973    
   1.27055681    
   1.27615631    
   1.28178835    
   1.28731465    
   1.29301202    
   1.29874241    
   1.30450642    
   1.31030393    
   1.31613553    
   1.32200110    
   1.32790124    
   1.33383572    
   1.33980501    
   1.34580934    
   1.35184896    
   1.35792387    
   1.36403453    
   1.37018096    
   1.37636364    
   1.38258266    
   1.38883817    
   1.39513063    
   1.40146005    
   1.40782654    
   1.41423082    
   1.42067266    
   1.42715251    
   1.43367052    
   1.44006658    
   1.44666076    
   1.45329380    
   1.45996594    
   1.46667743    
   1.47342873    
   1.48021960    
   1.48705089    
   1.49392211    
   1.50083435    
   1.50778711    
   1.51478100    
   1.52181613    
   1.52889299    
   1.53601146    
   1.54317224    
   1.55037498    
   1.55762053    
   1.56490874    
   1.57224011    
   1.57961464    
   1.58703279    
   1.59449458    
   1.60200059    
   1.60955083    
   1.61695993    
   1.62459838    
   1.63228190    
   1.64001083    
   1.64778519    
   1.65560532    
   1.66347158    
   1.67138410    
   1.67934322    
   1.68734920    
   1.69540226    
   1.70350254    
   1.71165037    
   1.71984613    
   1.72808993    
   1.73638201    
   1.74472260    
   1.75311220    
   1.76155078    
   1.77003872    
   1.77857637    
   1.78716362    
   1.79580092    
   1.80448878    
   1.81322706    
   1.82180130    
   1.83064020    
   1.83953047    
   1.84847224    
   1.85746598    
   1.86651134    
   1.87560916    
   1.88475978    
   1.89396286    
   1.90321898    
   1.91252840    
   1.92189097    
   1.93130744    
   1.94077766    
   1.95030236    
   1.95988095    
   1.96951425    
   1.97920239    
   1.98894560    
   1.99874401    
   2.00859785    
   2.01850700    
   2.02847242    
   2.03849363    
   2.04857111    
   2.05845737    
   2.06864667    
   2.07889271    
   2.08919573    
   2.09955597    
   2.10997343    
   2.12044859    
   2.13098168    
   2.14157248    
   2.15222096    
   2.16292810    
   2.17369342    
   2.18451715    
   2.19539976    
   2.20634103    
   2.21734118    
   2.22840047    
   2.23951888    
   2.25069642    
   2.26193357    
   2.27323031    
   2.28458619    
   2.29600191    
   2.30747771    
   2.31901312    
   2.33032513    
   2.34197903    
   2.35369277    
   2.36546683    
   2.37730122    
   2.38919520    
   2.40114951    
   2.41316462    
   2.42523932    
   2.43737435    
   2.44956946    
   2.46182513    
   2.47414064    
   2.48651624    
   2.49895191    
   2.51144767    
   2.52400327    
   2.53661871    
   2.54929399    
   2.56202912    
   2.57482338    
   2.58767700    
   2.60058999    
   2.61356211    
   2.62659311    
   2.63936329    
   2.65250993    
   2.66571522    
   2.67897892    
   2.69230032    
   2.70567918    
   2.71911573    
   2.73260951    
   2.74616003    
   2.75976706    
   2.77343011    
   2.78714943    
   2.80092382    
   2.81475377    
   2.82863832    
   2.84257722    
   2.85657001    
   2.87061620    
   2.88471580    
   2.89886761    
   2.91307139    
   2.92732692    
   2.94163346    
   2.95599055    
   2.97039723    
   2.98449993    
   2.99900365    
   3.01355505    
   3.02815437    
   3.04279971    
   3.05749130    
   3.07222819    
   3.08700967    
   3.10183430    
   3.11670232    
   3.13161254    
   3.14656425    
   3.16155577    
   3.17658710    
   3.19165707    
   3.20676470    
   3.22190881    
   3.23708892    
   3.25230336    
   3.26755190    
   3.28283238    
   3.29814458    
   3.31348705    
   3.32885885    
   3.34425855    
   3.35930848    
   3.37475991    
   3.39023566    
   3.40573430    
   3.42125463    
   3.43679547    
   3.45235515    
   3.46793246    
   3.48352575    
   3.49913383    
   3.51475477    
   3.53038788    
   3.54603052    
   3.56168151    
   3.57733965    
   3.59300303    
   3.60866952    
   3.62433815    
   3.64000678    
   3.65567374    
   3.67133713    
   3.68699527    
   3.70264602    
   3.71828771    
   3.73391819    
   3.74915528    
   3.76475859    
   3.78034496    
   3.79591250    
   3.81145859    
   3.82698154    
   3.84247971    
   3.85795021    
   3.87339115    
   3.88879991    
   3.90417528    
   3.91951394    
   3.93481398    
   3.95007324    
   3.96528888    
   3.98045921    
   3.99558139    
   4.01065302    
   4.02567196    
   4.04063511    
   4.05554056    
   4.07038546    
   4.08516741    
   4.09988356    
   4.11453199    
   4.12875462    
   4.14326096    
   4.15769100    
   4.17204285    
   4.18631315    
   4.20049906    
   4.21459913    
   4.22860956    
   4.24252748    
   4.25635099    
   4.27007675    
   4.28370237    
   4.29722452    
   4.31064081    
   4.32394838    
   4.33714437    
   4.35022640    
   4.36319113    
   4.37603569    
   4.38875771    
   4.40135384    
   4.41382217    
   4.42615938    
   4.43836260    
   4.45042896    
   4.46206665    
   4.47385454    
   4.48549795    
   4.49699354    
   4.50833797    
   4.51952982    
   4.53056574    
   4.54144287    
   4.55215883    
   4.56271076    
   4.57309628    
   4.58331251    
   4.59335709    
   4.60322714    
   4.61292028    
   4.62243462    
   4.63176632    
   4.64091396    
   4.64987516    
   4.65864754    
   4.66722775    
   4.67561483    
   4.68380547    
   4.69179821    
   4.69959068    
   4.70699787    
   4.71438789    
   4.72157145    
   4.72854662    
   4.73531103    
   4.74186277    
   4.74820089    
   4.75432253    
   4.76022625    
   4.76591110    
   4.77137423    
   4.77661514    
   4.78163147    
   4.78642178    
   4.79098606    
   4.79532146    
   4.79942703    
   4.80330181    
   4.80694485    
   4.81035519    
   4.81353092    
   4.81647158    
   4.81917715    
   4.82164574    
   4.82387638    
   4.82582378    
   4.82758427    
   4.82910538    
   4.83038712    
   4.83142853    
   4.83222961    
   4.83279037    
   4.83311081    
   4.83318996    
   4.83302832    
   4.83262634    
   4.83198357    
   4.83109999    
   4.82997608    
   4.82861280    
   4.82701015    
   4.82516813    
   4.82308769    
   4.82076979    
   4.81821489    
   4.81542301    
   4.81239605    
   4.80913448    
   4.80563927    
   4.80191135    
   4.79805088    
   4.79386663    
   4.78945303    
   4.78481197    
   4.77994394    
   4.77485037    
   4.76953363    
   4.76399469    
   4.75823498    
   4.75225687    
   4.74606085    
   4.73964977    
   4.73302507    
   4.72618866    
   4.71914196    
   4.71188784    
   4.70442724    
   4.69676304    
   4.68889713    
   4.68083191    
   4.67256880    
   4.66411066    
   4.65546036    
   4.64661884    
   4.63758898    
   4.62860060    
   4.61920595    
   4.60963058    
   4.59987688    
   4.58994675    
   4.57984304    
   4.56956863    
   4.55912638    
   4.54851818    
   4.53774643    
   4.52681541    
   4.51572609    
   4.50448132    
   4.49308491    
   4.48153877    
   4.46984577    
   4.45800829    
   4.44603014    
   4.43391371    
   4.42166138    
   4.40927601    
   4.39675999    
   4.38411760    
   4.37135077    
   4.35846138    
   4.34577227    
   4.33265114    
   4.31941652    
   4.30607176    
   4.29261875    
   4.27906084    
   4.26540089    
   4.25164175    
   4.23778582    
   4.22383547    
   4.20979404    
   4.19566488    
   4.18144941    
   4.16715097    
   4.15277243    
   4.13831615    
   4.12378454    
   4.10918093    
   4.09450722    
   4.07976675    
   4.06496143    
   4.05009413    
   4.03516722    
   4.02018356    
   4.00514507    
   3.99042320    
   3.97528434    
   3.96009827    
   3.94486761    
   3.92959404    
   3.91428041    
   3.89892936    
   3.88354230    
   3.86812210    
   3.85267067    
   3.83719087    
   3.82168412    
   3.80615258    
   3.79059887    
   3.77502489    
   3.75943255    
   3.74382401    
   3.72820139    
   3.71256614    
   3.69692111    
   3.68126726    
   3.66560698    
   3.64994216    
   3.63427472    
   3.61860561    
   3.60331964    
   3.58765388    
   3.57199216    
   3.55633640    
   3.54068780    
   3.52504849    
   3.50941944    
   3.49380255    
   3.47819948    
   3.46261144    
   3.44704008    
   3.43148661    
   3.41595268    
   3.40043974    
   3.38494849    
   3.36948109    
   3.35403800    
   3.33862138    
   3.32323170    
   3.30787063    
   3.29253912    
   3.27723813    
   3.26196933    
   3.24673295    
   3.23153114    
   3.21673369    
   3.20160151    
   3.18650699    
   3.17145014    
   3.15643215    
   3.14145398    
   3.12651658    
   3.11162090    
   3.09676743    
   3.08195710    
   3.06719112    
   3.05246949    
   3.03779364    
   3.02316356    
   3.00858116    
   2.99404573    
   2.97955894    
   2.96512079    
   2.95073199    
   2.93639350    
   2.92210579    
   2.90786886    
   2.89368391    
   2.87955117    
   2.86547136    
   2.85178566    
   2.83781147    
   2.82389092    
   2.81002545    
   2.79621410    
   2.78245831    
   2.76875830    
   2.75511432    
   2.74152637    
   2.72799540    
   2.71452141    
   2.70110440    
   2.68774486    
   2.67444348    
   2.66119981    
   2.64801407    
   2.63488722    
   2.62181902    
   2.60880947    
   2.59585881    
   2.58296752    
   2.57013535    
   2.55736303    
   2.54464984    
   2.53199649    
   2.51970935    
   2.50717425    
   2.49469900    
   2.48228383    
   2.46992850    
   2.45763350    
   2.44539857    
   2.43322396    
   2.42110944    
   2.40905499    
   2.39706111    
   2.38512731    
   2.37325311    
   2.36143970    
   2.34968638    
   2.33799291    
   2.32635927    
   2.31478596    
   2.30327249    
   2.29181886    
   2.28042483    
   2.26909041    
   2.25781536    
   2.24660039    
   2.23544431    
   2.22461748    
   2.21357822    
   2.20259833    
   2.19167733    
   2.18081474    
   2.17001081    
   2.15926528    
   2.14857841    
   2.13794947    
   2.12737846    
   2.11686540    
   2.10641003    
   2.09601164    
   2.08567095    
   2.07538772    
   2.06516099    
   2.05499101    
   2.04487777    
   2.03482080    
   2.02482009    
   2.01487541    
   2.00498629    
   1.99515271    
   1.98537469    
   1.97565162    
   1.96621883    
   1.95660400    
   1.94704390    
   1.93753791    
   1.92808616    
   1.91868794    
   1.90934336    
   1.90005243    
   1.89081442    
   1.88162935    
   1.87249696    
   1.86341691    
   1.85438907    
   1.84541309    
   1.83648908    
   1.82761633    
   1.81879473    
   1.81002426    
   1.80130446    
   1.79263520    
   1.78401601    
   1.77544689    
   1.76692760    
   1.75845778    
   1.75003707    
   1.74186909    
   1.73354506    
   1.72526944    
   1.71704209    
   1.70886290    
   1.70073116    
   1.69264698    
   1.68461025    
   1.67662024    
   1.66867709    
   1.66078031    
   1.65292990    
   1.64512527    
   1.63736665    
   1.62965333    
   1.62198520    
   1.61436188    
   1.60678339    
   1.59924948    
   1.59175956    
   1.58431363    
   1.57691157    
   1.56955290    
   1.56223738    
   1.55496478    
   1.54791069    
   1.54072225    
   1.53357613    
   1.52647185    
   1.51940918    
   1.51238811    
   1.50540829    
   1.49846959    
   1.49157131    
   1.48471367    
   1.47789621    
   1.47111893    
   1.46438134    
   1.45768321    
   1.45102429    
   1.44440460    
   1.43782365    
   1.43128145    
   1.42477739    
   1.41831148    
   1.41188335    
   1.40549302    
   1.39914012    
   1.39282429    
   1.38654542    
   1.38045514    
   1.37424839    
   1.36807823    
   1.36194396    
   1.35584545    
   1.34978271    
   1.34375513    
   1.33776283    
   1.33180535    
   1.32588267    
   1.31999445    
   1.31414056    
   1.30832040    
   1.30253434    
   1.29678190    
   1.29106283    
   1.28537691    
   1.27972412    
   1.27410388    
   1.26851630    
   1.26296103    
   1.25743806    
   1.25194681    
   1.24648750    
   1.24105966    
   1.23579431    
   1.23042810    
   1.22509277    
   1.21978831    
