  0.646481395    
  0.650738001    
  0.655036211    
  0.659376502    
  0.663759530    
  0.668185711    
  0.672655702    
  0.677170038    
  0.681729257    
  0.686334133    
  0.690985024    
  0.695682704    
  0.700311363    
  0.705103040    
  0.709943414    
  0.714833021    
  0.719772518    
  0.724762559    
  0.729803920    
  0.734897196    
  0.740043163    
  0.745242476    
  0.750495851    
  0.755804062    
  0.761167884    
  0.766588032    
  0.772065282    
  0.777600527    
  0.783194482    
  0.788847983    
  0.794561803    
  0.800336957    
  0.806174099    
  0.812074184    
  0.818038225    
  0.824066997    
  0.830161452    
  0.836171448    
  0.842398405    
  0.848693907    
  0.855059087    
  0.861494601    
  0.868001759    
  0.874581397    
  0.881234825    
  0.887962997    
  0.894766927    
  0.901647806    
  0.908606827    
  0.915645123    
  0.922763765    
  0.929964125    
  0.937247396    
  0.944614768    
  0.952067494    
  0.959606946    
  0.967234433    
  0.974951208    
  0.982758701    
  0.990658343    
  0.998651564    
   1.00673974    
   1.01472354    
   1.02300370    
   1.03138340    
   1.03986406    
   1.04844725    
   1.05713463    
   1.06592798    
   1.07482898    
   1.08383918    
   1.09296036    
   1.10219431    
   1.11154306    
   1.12100816    
   1.13059163    
   1.14029539    
   1.15012157    
   1.16007185    
   1.17014849    
   1.18035352    
   1.19068921    
   1.20115745    
   1.21176076    
   1.22250116    
   1.23338115    
   1.24440289    
   1.25529468    
   1.26660371    
   1.27806187    
   1.28967190    
   1.30143607    
   1.31335700    
   1.32543778    
   1.33768094    
   1.35008943    
   1.36266601    
   1.37541366    
   1.38833535    
   1.40143430    
   1.41471350    
   1.42817628    
   1.44182575    
   1.45566547    
   1.46969867    
   1.48392904    
   1.49835992    
   1.51299512    
   1.52783835    
   1.54289329    
   1.55816376    
   1.57365417    
   1.58898211    
   1.60491836    
   1.62108660    
   1.63749123    
   1.65413654    
   1.67102730    
   1.68816793    
   1.70556319    
   1.72321796    
   1.74113715    
   1.75932610    
   1.77778971    
   1.79653323    
   1.81556225    
   1.83488226    
   1.85449886    
   1.87441814    
   1.89464557    
   1.91518760    
   1.93605030    
   1.95723999    
   1.97876322    
   2.00062680    
   2.02283716    
   2.04540181    
   2.06776381    
   2.09104896    
   2.11470962    
   2.13875365    
   2.16318893    
   2.18802333    
   2.21326542    
   2.23892307    
   2.26500535    
   2.29152060    
   2.31847835    
   2.34588742    
   2.37375760    
   2.40209818    
   2.43091941    
   2.46023130    
   2.49004436    
   2.52036905    
   2.55121636    
   2.58259726    
   2.61452341    
   2.64700675    
   2.68005872    
   2.71369171    
   2.74791861    
   2.78189492    
   2.81733298    
   2.85340381    
   2.89012122    
   2.92749977    
   2.96555328    
   3.00429726    
   3.04374623    
   3.08391643    
   3.12482333    
   3.16648316    
   3.20891261    
   3.25212884    
   3.29614902    
   3.34099150    
   3.38667393    
   3.43321586    
   3.48063493    
   3.52895212    
   3.57818627    
   3.62835908    
   3.67948985    
   3.73160124    
   3.78471422    
   3.83885121    
   3.89267659    
   3.94890380    
   4.00622463    
   4.06466198    
   4.12424135    
   4.18498755    
   4.24692583    
   4.31008244    
   4.37448454    
   4.44015789    
   4.50713110    
   4.57543087    
   4.64508677    
   4.71612644    
   4.78858042    
   4.86247683    
   4.93784666    
   5.01471949    
   5.09312725    
   5.17309952    
   5.25466824    
   5.33786535    
   5.42272186    
   5.50927067    
   5.59754276    
   5.68535328    
   5.77712488    
   5.87071609    
   5.96615791    
   6.06348276    
   6.16272163    
   6.26390600    
   6.36706591    
   6.47223186    
   6.57943249    
   6.68869638    
   6.80005121    
   6.91352415    
   7.02913761    
   7.14691782    
   7.26688528    
   7.38906050    
   7.51346111    
   7.64010382    
   7.76899958    
   7.90016127    
   8.03359413    
   8.16930389    
   8.30729008    
   8.44754887    
   8.58657074    
   8.73129082    
   8.87824821    
   9.02741623    
   9.17877007    
   9.33227062    
   9.48787975    
   9.64554691    
   9.80521774    
   9.96682549    
   10.1303015    
   10.2955599    
   10.4625149    
   10.6310625    
   10.8010941    
   10.9724865    
   11.1451111    
   11.3188190    
   11.4934597    
   11.6688614    
   11.8448458    
   12.0212202    
   12.1977787    
   12.3743038    
   12.5505629    
   12.7220335    
   12.8970385    
   13.0710135    
   13.2436771    
   13.4147387    
   13.5838919    
   13.7508230    
   13.9152079    
   14.0767145    
   14.2350035    
   14.3897295    
   14.5405388    
   14.6870785    
   14.8289938    
   14.9659290    
   15.0975285    
   15.2234459    
   15.3433342    
   15.4568586    
   15.5636940    
   15.6635275    
   15.7560596    
   15.8410091    
   15.9181108    
   15.9871225    
   16.0464458    
   16.0988503    
   16.1425819    
   16.1774960    
   16.2034760    
   16.2204342    
   16.2283173    
   16.2270947    
   16.2167740    
   16.1973877    
   16.1690006    
   16.1317101    
   16.0856342    
   16.0309315    
   15.9677744    
   15.8963709    
   15.8169460    
   15.7297487    
   15.6350508    
   15.5331373    
   15.4243107    
   15.3088884    
   15.1872005    
   15.0595846    
   14.9263868    
   14.7913933    
   14.6482019    
   14.5004816    
   14.3485870    
   14.1928720    
   14.0336866    
   13.8713732    
   13.7062731    
   13.5387144    
   13.3690186    
   13.1974974    
   13.0244541    
   12.8501759    
   12.6749411    
   12.4990168    
   12.3226557    
   12.1460962    
   11.9695702    
   11.7932892    
   11.6174555    
   11.4422588    
   11.2678738    
   11.0944681    
   10.9221897    
   10.7511826    
   10.5856924    
   10.4175606    
   10.2510529    
   10.0862617    
   9.92328167    
   9.76218510    
   9.60304737    
   9.44592571    
   9.29087925    
   9.13794994    
   8.98718071    
   8.83860207    
   8.69224358    
   8.54812527    
   8.40626335    
   8.26666832    
   8.12934875    
   7.99430513    
   7.86153793    
   7.73103952    
   7.60280466    
   7.47681952    
   7.35307264    
   7.23154497    
   7.11222076    
   6.99790812    
   6.88287067    
   6.76996899    
   6.65917730    
   6.55046988    
   6.44381762    
   6.33919287    
   6.23656607    
   6.13590717    
   6.03718472    
   5.94036818    
   5.84542561    
   5.75232649    
   5.66103649    
   5.57152653    
   5.48376179    
   5.39771271    
   5.31334496    
   5.23062801    
   5.14952898    
   5.07001781    
   4.99206257    
   4.91563320    
   4.84069729    
   4.76722622    
   4.69692993    
   4.62626362    
   4.55697489    
   4.48903322    
   4.42241192    
   4.35708189    
   4.29301691    
   4.23018932    
   4.16857338    
   4.10814285    
   4.04887247    
   3.99073696    
   3.93371224    
   3.87777400    
   3.82289886    
   3.76906395    
   3.71624660    
   3.66442442    
   3.61357617    
   3.56368017    
   3.51471663    
   3.46666384    
   3.41950369    
   3.37321544    
   3.32778072    
   3.28425908    
   3.24045587    
   3.19745255    
   3.15523124    
   3.11377501    
   3.07306743    
   3.03309226    
   2.99383402    
   2.95527673    
   2.91740537    
   2.88020611    
   2.84366322    
   2.80776381    
   2.77249336    
   2.73783875    
   2.70378709    
   2.67032528    
   2.63744116    
   2.60512209    
   2.57335663    
   2.54213309    
   2.51143980    
   2.48126626    
   2.45160079    
   2.42243361    
   2.39444804    
   2.36623454    
   2.33848906    
   2.31120181    
   2.28436375    
   2.25796556    
   2.23199797    
   2.20645261    
   2.18132091    
   2.15659428    
   2.13226485    
   2.10832429    
   2.08476496    
   2.06157970    
   2.03876042    
   2.01630044    
   1.99419200    
   1.97242880    
   1.95100403    
   1.92991054    
   1.90914237    
   1.88869309    
   1.86855650    
   1.84872651    
   1.82919717    
   1.81042862    
   1.79147661    
   1.77280879    
   1.75441933    
   1.73630345    
   1.71845555    
   1.70087075    
   1.68354428    
   1.66647124    
   1.64964688    
   1.63306642    
   1.61672580    
   1.60062015    
   1.58474541    
   1.56909740    
   1.55367172    
   1.53846467    
   1.52347219    
   1.50869024    
   1.49411523    
   1.47974348    
   1.46557128    
   1.45159507    
   1.43781126    
   1.42421675    
   1.41113293    
   1.39790249    
   1.38485134    
   1.37197661    
   1.35927510    
   1.34674382    
   1.33438015    
   1.32218087    
   1.31014311    
   1.29826438    
   1.28654194    
   1.27497315    
   1.26355517    
   1.25228560    
   1.24116218    
   1.23018217    
   1.21934330    
   1.20864320    
   1.19807971    
   1.18765056    
   1.17735326    
   1.16718602    
   1.15714657    
   1.14723289    
   1.13744271    
   1.12800872    
   1.11845708    
   1.10902345    
   1.09970582    
   1.09050214    
   1.08141088    
   1.07243025    
   1.06355834    
   1.05479360    
   1.04613423    
   1.03757858    
   1.02912533    
   1.02077246    
   1.01251876    
   1.00436246    
  0.996302366    
  0.988336682    
  0.980464160    
  0.972683370    
  0.964992881    
  0.957391202    
  0.949877322    
  0.942449689    
  0.935107112    
  0.927848220    
  0.920845926    
  0.913748920    
  0.906732023    
  0.899794161    
  0.892933905    
  0.886150360    
  0.879442453    
  0.872808993    
  0.866248786    
  0.859760940    
  0.853344440    
  0.846998155    
  0.840721071    
  0.834512353    
  0.828370869    
  0.822295725    
  0.816285968    
  0.810340762    
  0.804459155    
  0.798640251    
  0.792883158    
  0.787187040    
  0.781551063    
  0.775974452    
  0.770456254    
  0.765128255    
  0.759723306    
  0.754374504    
  0.749081016    
  0.743842185    
  0.738657296    
  0.733525574    
  0.728446305    
  0.723418772    
  0.718442321    
  0.713516295    
