  0.942321002    
  0.945176780    
  0.948043644    
  0.950921834    
  0.953811228    
  0.956712008    
  0.959624171    
  0.962547779    
  0.965482831    
  0.968429446    
  0.971387506    
  0.974357188    
  0.977265775    
  0.980258644    
  0.983263135    
  0.986279607    
  0.989307821    
  0.992348015    
  0.995400012    
  0.998463988    
   1.00154006    
   1.00462842    
   1.00772870    
   1.01084113    
   1.01396585    
   1.01710284    
   1.02025223    
   1.02341378    
   1.02658808    
   1.02977467    
   1.03297377    
   1.03618538    
   1.03940976    
   1.04264677    
   1.04589665    
   1.04915905    
   1.05243433    
   1.05564213    
   1.05894291    
   1.06225669    
   1.06558347    
   1.06892323    
   1.07227623    
   1.07564235    
   1.07902145    
   1.08241403    
   1.08581996    
   1.08923924    
   1.09267175    
   1.09611785    
   1.09957743    
   1.10305059    
   1.10653734    
   1.11003780    
   1.11355197    
   1.11707985    
   1.12062156    
   1.12417722    
   1.12774658    
   1.13133013    
   1.13492763    
   1.13853896    
   1.14207602    
   1.14571548    
   1.14936900    
   1.15303695    
   1.15671909    
   1.16041577    
   1.16412663    
   1.16785192    
   1.17159176    
   1.17534626    
   1.17911530    
   1.18289900    
   1.18669736    
   1.19051039    
   1.19433832    
   1.19818115    
   1.20203876    
   1.20591140    
   1.20979905    
   1.21370161    
   1.21761942    
   1.22155225    
   1.22550035    
   1.22946358    
   1.23344207    
   1.23733842    
   1.24134731    
   1.24537158    
   1.24941146    
   1.25346661    
   1.25753748    
   1.26162398    
   1.26572597    
   1.26984370    
   1.27397728    
   1.27812672    
   1.28229177    
   1.28647280    
   1.29066968    
   1.29488266    
   1.29911160    
   1.30335653    
   1.30761766    
   1.31189489    
   1.31618834    
   1.32049799    
   1.32482398    
   1.32916629    
   1.33352482    
   1.33789980    
   1.34218395    
   1.34659147    
   1.35101545    
   1.35545611    
   1.35991323    
   1.36438704    
   1.36887765    
   1.37338483    
   1.37790871    
   1.38244963    
   1.38700724    
   1.39158154    
   1.39617288    
   1.40078115    
   1.40540636    
   1.41004860    
   1.41470790    
   1.41938436    
   1.42407775    
   1.42878830    
   1.43351614    
   1.43826103    
   1.44302332    
   1.44780278    
   1.45259917    
   1.45729566    
   1.46212673    
   1.46697497    
   1.47184074    
   1.47672391    
   1.48162448    
   1.48654270    
   1.49147797    
   1.49643111    
   1.50140202    
   1.50639009    
   1.51139581    
   1.51641917    
   1.52145994    
   1.52651870    
   1.53159499    
   1.53668880    
   1.54180062    
   1.54692972    
   1.55207682    
   1.55724168    
   1.56242406    
   1.56762445    
   1.57284260    
   1.57807815    
   1.58320332    
   1.58847427    
   1.59376287    
   1.59906948    
   1.60439360    
   1.60973573    
   1.61509562    
   1.62047315    
   1.62586856    
   1.63128197    
   1.63671291    
   1.64216149    
   1.64762807    
   1.65311229    
   1.65861452    
   1.66413438    
   1.66967189    
   1.67522728    
   1.68080008    
   1.68639064    
   1.69199920    
   1.69762516    
   1.70326900    
   1.70893013    
   1.71460879    
   1.72016597    
   1.72587967    
   1.73161042    
   1.73735905    
   1.74312496    
   1.74890828    
   1.75470912    
   1.76052690    
   1.76636231    
   1.77221501    
   1.77808487    
   1.78397179    
   1.78987586    
   1.79579723    
   1.80173528    
   1.80769062    
   1.81366253    
   1.81965172    
   1.82565761    
   1.83168018    
   1.83771944    
   1.84377539    
   1.84984791    
   1.85593677    
   1.86204219    
   1.86801445    
   1.87415206    
   1.88030601    
   1.88647604    
   1.89266193    
   1.89886391    
   1.90508175    
   1.91131544    
   1.91756475    
   1.92382967    
   1.93011022    
   1.93640590    
   1.94271719    
   1.94904363    
   1.95538509    
   1.96174157    
   1.96811283    
   1.97449899    
   1.98089981    
   1.98731518    
   1.99374473    
   2.00018883    
   2.00664687    
   2.01311922    
   2.01960540    
   2.02594662    
   2.03245974    
   2.03898621    
   2.04552650    
   2.05207944    
   2.05864573    
   2.06522489    
   2.07181668    
   2.07842112    
   2.08503795    
   2.09166694    
   2.09830809    
   2.10496116    
   2.11162615    
   2.11830235    
   2.12498999    
   2.13168883    
   2.13839865    
   2.14511943    
   2.15185094    
   2.15859246    
   2.16534424    
   2.17210627    
   2.17887783    
   2.18565917    
   2.19228387    
   2.19908357    
   2.20589185    
   2.21270919    
   2.21953464    
   2.22636867    
   2.23321033    
   2.24005985    
   2.24691701    
   2.25378156    
   2.26065278    
   2.26753068    
   2.27441525    
   2.28130627    
   2.28820276    
   2.29510522    
   2.30201316    
   2.30892611    
   2.31584406    
   2.32276630    
   2.32969284    
   2.33662343    
   2.34355783    
   2.35049534    
   2.35743618    
   2.36421013    
   2.37115598    
   2.37810397    
   2.38505387    
   2.39200497    
   2.39895725    
   2.40591073    
   2.41286421    
   2.41981816    
   2.42677188    
   2.43372464    
   2.44067693    
   2.44762778    
   2.45457697    
   2.46152425    
   2.46846890    
   2.47541094    
   2.48235011    
   2.48928571    
   2.49621725    
   2.50314426    
   2.51006675    
   2.51698470    
   2.52389669    
   2.53080273    
   2.53753424    
   2.54442763    
   2.55131388    
   2.55819273    
   2.56506348    
   2.57192564    
   2.57877946    
   2.58562350    
   2.59245825    
   2.59928274    
   2.60609651    
   2.61289930    
   2.61969113    
   2.62647057    
   2.63323760    
   2.63999152    
   2.64673257    
   2.65345955    
   2.66017246    
   2.66687036    
   2.67355323    
   2.68022013    
   2.68687129    
   2.69350529    
   2.70012236    
   2.70656109    
   2.71314263    
   2.71970558    
   2.72624922    
   2.73277354    
   2.73927712    
   2.74576044    
   2.75222254    
   2.75866270    
   2.76508069    
   2.77147603    
   2.77784777    
   2.78419590    
   2.79051995    
   2.79681849    
   2.80309200    
   2.80933952    
   2.81556058    
   2.82175469    
   2.82792115    
   2.83405948    
   2.84016895    
   2.84624958    
   2.85230017    
   2.85832095    
   2.86416483    
   2.87012410    
   2.87605119    
   2.88194609    
   2.88780761    
   2.89363527    
   2.89942956    
   2.90518904    
   2.91091299    
   2.91660142    
   2.92225361    
   2.92786860    
   2.93344617    
   2.93898606    
   2.94448757    
   2.94994950    
   2.95537210    
   2.96075463    
   2.96609616    
   2.97139621    
   2.97665501    
   2.98187113    
   2.98704433    
   2.99217415    
   2.99725986    
   3.00217891    
   3.00717616    
   3.01212788    
   3.01703310    
   3.02189231    
   3.02670407    
   3.03146839    
   3.03618407    
   3.04085112    
   3.04546905    
   3.05003691    
   3.05455422    
   3.05902147    
   3.06343699    
   3.06780100    
   3.07211256    
   3.07637095    
   3.08057642    
   3.08472800    
   3.08882523    
   3.09286761    
   3.09685493    
   3.10078716    
   3.10466242    
   3.10848117    
   3.11215234    
   3.11585808    
   3.11950588    
   3.12309504    
   3.12662578    
   3.13009715    
   3.13350916    
   3.13686085    
   3.14015198    
   3.14338255    
   3.14655161    
   3.14965868    
   3.15270424    
   3.15568686    
   3.15860724    
   3.16146398    
   3.16425753    
   3.16698670    
   3.16965199    
   3.17225266    
   3.17478871    
   3.17725921    
   3.17966413    
   3.18200350    
   3.18427658    
   3.18643045    
   3.18857193    
   3.19064665    
   3.19265366    
   3.19459391    
   3.19646597    
   3.19827032    
   3.20000601    
   3.20167351    
   3.20327234    
   3.20480227    
   3.20626283    
   3.20765471    
   3.20897675    
   3.21022940    
   3.21141195    
   3.21252465    
   3.21356750    
   3.21454000    
   3.21544194    
   3.21627378    
   3.21703458    
   3.21772504    
   3.21834469    
   3.21889329    
   3.21936035    
   3.21976900    
   3.22010660    
   3.22037244    
   3.22056794    
   3.22069216    
   3.22074533    
   3.22072673    
   3.22063756    
   3.22047687    
   3.22024536    
   3.21994233    
   3.21956873    
   3.21912336    
   3.21860790    
   3.21802115    
   3.21736360    
   3.21663499    
   3.21583629    
   3.21496654    
   3.21402669    
   3.21301651    
   3.21193647    
   3.21078634    
   3.20956588    
   3.20830822    
   3.20695066    
   3.20552373    
   3.20402718    
   3.20246196    
   3.20082784    
   3.19912553    
   3.19735456    
   3.19551539    
   3.19360876    
   3.19163418    
   3.18959212    
   3.18748355    
   3.18530750    
   3.18306518    
   3.18075657    
   3.17838192    
   3.17594171    
   3.17343593    
   3.17086506    
   3.16822982    
   3.16552997    
   3.16276646    
   3.15993905    
   3.15704823    
   3.15416694    
   3.15115237    
   3.14807510    
   3.14493585    
   3.14173555    
   3.13847375    
   3.13515186    
   3.13176918    
   3.12832665    
   3.12482500    
   3.12126422    
   3.11764455    
   3.11396718    
   3.11023164    
   3.10643935    
   3.10259008    
   3.09868407    
   3.09472251    
   3.09070539    
   3.08663344    
   3.08250713    
   3.07832646    
   3.07409263    
   3.06980538    
   3.06546593    
   3.06118178    
   3.05674005    
   3.05224681    
   3.04770327    
   3.04310989    
   3.03846669    
   3.03377485    
   3.02903390    
   3.02424550    
   3.01940942    
   3.01452661    
   3.00959706    
   3.00462222    
   2.99960160    
   2.99453664    
   2.98942709    
   2.98427391    
   2.97907734    
   2.97383857    
   2.96855736    
   2.96323490    
   2.95787144    
   2.95246768    
   2.94702339    
   2.94154024    
   2.93615341    
   2.93059421    
   2.92499709    
   2.91936302    
   2.91369247    
   2.90798545    
   2.90224361    
   2.89646602    
   2.89065456    
   2.88480926    
   2.87893081    
   2.87301922    
   2.86707568    
   2.86110067    
   2.85509419    
   2.84905720    
   2.84299064    
   2.83689451    
   2.83076906    
   2.82461596    
   2.81843448    
   2.81222558    
   2.80599070    
   2.79972911    
   2.79344201    
   2.78728390    
   2.78094769    
   2.77458739    
   2.76820326    
   2.76179624    
   2.75536656    
   2.74891543    
   2.74244237    
   2.73594856    
   2.72943425    
   2.72290015    
   2.71634603    
   2.70977354    
   2.70318294    
   2.69657397    
   2.68994761    
   2.68330431    
   2.67664480    
   2.66996908    
   2.66327834    
   2.65657234    
   2.64985156    
   2.64311719    
   2.63636923    
   2.62960792    
   2.62299967    
   2.61621380    
   2.60941672    
   2.60260797    
   2.59578848    
   2.58895874    
   2.58211923    
   2.57527018    
   2.56841207    
   2.56154513    
   2.55467033    
   2.54778767    
   2.54089785    
   2.53400111    
   2.52709794    
   2.52018833    
   2.51327348    
   2.50635314    
   2.49942780    
   2.49249840    
   2.48556447    
   2.47862697    
   2.47168636    
   2.46474290    
   2.45779657    
   2.45101786    
   2.44406772    
   2.43711638    
   2.43016362    
   2.42321014    
   2.41625619    
   2.40930271    
   2.40234923    
   2.39539623    
   2.38844442    
   2.38149405    
   2.37454486    
   2.36759806    
   2.36065364    
   2.35371161    
   2.34677243    
   2.33983660    
   2.33290410    
   2.32597589    
   2.31905127    
   2.31213140    
   2.30521584    
   2.29830599    
   2.29140091    
   2.28450155    
   2.27777600    
   2.27088833    
   2.26400709    
   2.25713253    
   2.25026464    
   2.24340391    
   2.23655081    
   2.22970510    
   2.22286725    
   2.21603775    
   2.20921636    
   2.20240355    
   2.19559979    
   2.18880486    
   2.18201923    
   2.17524314    
   2.16847658    
   2.16172004    
   2.15497375    
   2.14823747    
   2.14151192    
   2.13479686    
   2.12809300    
   2.12140012    
   2.11471844    
   2.10821080    
   2.10155225    
   2.09490514    
   2.08827019    
   2.08164740    
   2.07503676    
   2.06843877    
   2.06185341    
   2.05528092    
   2.04872131    
   2.04217482    
   2.03564167    
   2.02912188    
   2.02261591    
   2.01612329    
   2.00964451    
   2.00317979    
   1.99672925    
   1.99029291    
   1.98387098    
   1.97746336    
   1.97107041    
   1.96469235    
   1.95832884    
   1.95198047    
   1.94580126    
   1.93948269    
   1.93317938    
   1.92689145    
   1.92061877    
   1.91436183    
   1.90812063    
   1.90189493    
   1.89568532    
   1.88949144    
   1.88331366    
   1.87715197    
   1.87100637    
   1.86487710    
   1.85876417    
   1.85266757    
   1.84658742    
   1.84052372    
   1.83447671    
   1.82844639    
   1.82243288    
   1.81643593    
   1.81045616    
   1.80449307    
   1.79854679    
   1.79276204    
   1.78684974    
   1.78095436    
   1.77507627    
   1.76921523    
   1.76337135    
   1.75754499    
   1.75173569    
   1.74594378    
   1.74016964    
   1.73441267    
   1.72867298    
   1.72295094    
   1.71724653    
   1.71155941    
   1.70589006    
   1.70023823    
   1.69460416    
   1.68898761    
   1.68338871    
   1.67780757    
   1.67224407    
   1.66669846    
   1.66117036    
   1.65565991    
   1.65030110    
   1.64482605    
   1.63936841    
   1.63392889    
   1.62850690    
   1.62310290    
   1.61771679    
   1.61234796    
   1.60699725    
   1.60166442    
   1.59634936    
   1.59105182    
   1.58577228    
   1.58051038    
   1.57526648    
   1.57004035    
   1.56483185    
   1.55964112    
   1.55446804    
   1.54931271    
   1.54417539    
   1.53905547    
   1.53395343    
   1.52886903    
   1.52380216    
   1.51887584    
   1.51384401    
   1.50882959    
   1.50383294    
   1.49885368    
   1.49389207    
   1.48894811    
   1.48402131    
   1.47911215    
   1.47422075    
   1.46934652    
   1.46448946    
   1.45965028    
   1.45482802    
   1.45002329    
   1.44523597    
   1.44046557    
   1.43571281    
   1.43097711    
   1.42625856    
   1.42155719    
   1.41687298    
   1.41220582    
   1.40755558    
   1.40292239    
   1.39841866    
   1.39381909    
   1.38923645    
   1.38467073    
   1.38012159    
   1.37558949    
   1.37107420    
   1.36657536    
   1.36209345    
   1.35762835    
   1.35317957    
   1.34874737    
   1.34433186    
   1.33993280    
   1.33555031    
   1.33118415    
   1.32683420    
   1.32250082    
   1.31818354    
   1.31388247    
   1.30959785    
   1.30532920    
   1.30107689    
   1.29684055    
   1.29262006    
   1.28851807    
   1.28432930    
   1.28015637    
   1.27599931    
   1.27185810    
   1.26773274    
   1.26362300    
   1.25952876    
   1.25545049    
   1.25138772    
   1.24734032    
   1.24330842    
   1.23929203    
   1.23529100    
   1.23130536    
   1.22733510    
   1.22337985    
   1.21944010    
   1.21551526    
   1.21160567    
   1.20771110    
   1.20383155    
   1.19996703    
   1.19611740    
