   1.00711012    
   1.01116085    
   1.01523387    
   1.01932919    
   1.02344728    
   1.02758801    
   1.03175175    
   1.03593850    
   1.04014850    
   1.04438198    
   1.04863882    
   1.05291939    
   1.05711854    
   1.06144631    
   1.06579828    
   1.07017446    
   1.07457507    
   1.07900035    
   1.08345032    
   1.08792531    
   1.09242535    
   1.09695065    
   1.10150135    
   1.10607767    
   1.11067975    
   1.11530781    
   1.11996186    
   1.12464225    
   1.12934899    
   1.13408244    
   1.13884246    
   1.14362943    
   1.14844370    
   1.15328515    
   1.15815425    
   1.16305089    
   1.16797531    
   1.17280662    
   1.17778659    
   1.18279505    
   1.18783200    
   1.19289756    
   1.19799221    
   1.20311594    
   1.20826888    
   1.21345139    
   1.21866357    
   1.22390568    
   1.22917771    
   1.23448014    
   1.23981297    
   1.24517643    
   1.25057077    
   1.25599611    
   1.26145267    
   1.26694083    
   1.27246046    
   1.27801204    
   1.28359556    
   1.28921151    
   1.29485977    
   1.30054069    
   1.30611491    
   1.31186092    
   1.31764030    
   1.32345319    
   1.32929993    
   1.33518040    
   1.34109497    
   1.34704399    
   1.35302746    
   1.35904598    
   1.36509931    
   1.37118781    
   1.37731183    
   1.38347149    
   1.38966703    
   1.39589858    
   1.40216660    
   1.40847123    
   1.41481245    
   1.42119086    
   1.42760634    
   1.43405938    
   1.44054997    
   1.44707859    
   1.45364535    
   1.46008885    
   1.46673179    
   1.47341335    
   1.48013401    
   1.48689425    
   1.49369371    
   1.50053298    
   1.50741243    
   1.51433218    
   1.52129221    
   1.52829313    
   1.53533494    
   1.54241800    
   1.54954255    
   1.55670869    
   1.56391692    
   1.57116735    
   1.57845998    
   1.58579552    
   1.59317386    
   1.60059547    
   1.60806036    
   1.61556900    
   1.62312150    
   1.63071811    
   1.63817227    
   1.64585686    
   1.65358627    
   1.66136086    
   1.66918087    
   1.67704654    
   1.68495798    
   1.69291544    
   1.70091939    
   1.70896995    
   1.71706736    
   1.72521198    
   1.73340356    
   1.74164307    
   1.74993038    
   1.75826585    
   1.76664948    
   1.77508175    
   1.78356290    
   1.79209304    
   1.80067241    
   1.80930161    
   1.81798053    
   1.82670927    
   1.83548832    
   1.84410203    
   1.85298121    
   1.86191130    
   1.87089252    
   1.87992561    
   1.88901007    
   1.89814639    
   1.90733492    
   1.91657591    
   1.92586935    
   1.93521583    
   1.94461524    
   1.95406771    
   1.96357381    
   1.97313380    
   1.98274767    
   1.99241555    
   2.00213790    
   2.01191473    
   2.02174616    
   2.03163266    
   2.04157472    
   2.05157161    
   2.06162405    
   2.07173252    
   2.08164835    
   2.09186721    
   2.10214281    
   2.11247444    
   2.12286282    
   2.13330817    
   2.14381027    
   2.15436983    
   2.16498637    
   2.17566061    
   2.18639231    
   2.19718194    
   2.20802927    
   2.21893454    
   2.22989798    
   2.24091983    
   2.25200009    
   2.26313877    
   2.27433610    
   2.28559184    
   2.29690671    
   2.30828047    
   2.31971335    
   2.33120489    
   2.34275556    
   2.35408163    
   2.36574960    
   2.37747669    
   2.38926268    
   2.40110850    
   2.41301370    
   2.42497826    
   2.43700194    
   2.44908500    
   2.46122766    
   2.47342944    
   2.48569059    
   2.49801135    
   2.51039100    
   2.52282977    
   2.53532791    
   2.54788494    
   2.56050086    
   2.57317567    
   2.58590913    
   2.59870148    
   2.61155200    
   2.62446094    
   2.63742781    
   2.65045261    
   2.66321564    
   2.67635489    
   2.68955112    
   2.70280480    
   2.71611500    
   2.72948217    
   2.74290586    
   2.75638533    
   2.76992059    
   2.78351188    
   2.79715776    
   2.81085873    
   2.82461405    
   2.83842373    
   2.85228682    
   2.86620355    
   2.88017297    
   2.89419460    
   2.90826845    
   2.92239356    
   2.93656969    
   2.95079637    
   2.96507311    
   2.97939897    
   2.99377346    
   3.00784397    
   3.02231336    
   3.03682971    
   3.05139208    
   3.06600022    
   3.08065319    
   3.09535050    
   3.11009097    
   3.12487435    
   3.13969946    
   3.15456557    
   3.16947198    
   3.18441772    
   3.19940209    
   3.21442389    
   3.22948217    
   3.24457598    
   3.25970459    
   3.27486706    
   3.29006195    
   3.30528831    
   3.32054543    
   3.33583188    
   3.35114622    
   3.36648822    
   3.38148022    
   3.39687181    
   3.41228676    
   3.42772388    
   3.44318175    
   3.45865893    
   3.47415471    
   3.48966670    
   3.50519443    
   3.52073598    
   3.53628993    
   3.55185437    
   3.56742859    
   3.58301067    
   3.59859848    
   3.61419106    
   3.62978673    
   3.64538360    
   3.66098046    
   3.67657447    
   3.69216466    
   3.70774889    
   3.72332597    
   3.73889351    
   3.75444961    
   3.76961350    
   3.78514147    
   3.80065250    
   3.81614399    
   3.83161449    
   3.84706235    
   3.86248469    
   3.87787890    
   3.89324403    
   3.90857768    
   3.92387748    
   3.93914056    
   3.95436573    
   3.96955013    
   3.98469162    
   3.99978781    
   4.01483631    
   4.02983475    
   4.04478121    
   4.05967236    
   4.07450628    
   4.08928061    
   4.10399294    
   4.11863995    
   4.13322020    
   4.14737749    
   4.16181707    
   4.17618227    
   4.19046974    
   4.20467710    
   4.21880198    
   4.23284101    
   4.24679232    
   4.26065302    
   4.27442026    
   4.28809214    
   4.30166388    
   4.31513500    
   4.32850218    
   4.34176207    
   4.35491228    
   4.36794996    
   4.38087273    
   4.39367771    
   4.40636206    
   4.41892290    
   4.43135786    
   4.44366407    
   4.45583820    
   4.46787834    
   4.47949314    
   4.49125957    
   4.50288439    
   4.51436377    
   4.52569532    
   4.53687668    
   4.54790545    
   4.55877781    
   4.56949186    
   4.58004522    
   4.59043503    
   4.60065889    
   4.61071348    
   4.62059784    
   4.63030815    
   4.63984251    
   4.64919806    
   4.65837336    
   4.66736507    
   4.67617130    
   4.68478918    
   4.69321728    
   4.70145321    
   4.70949411    
   4.71733809    
   4.72479963    
   4.73224926    
   4.73949623    
   4.74653769    
   4.75337267    
   4.75999928    
   4.76641560    
   4.77261925    
   4.77860880    
   4.78438282    
   4.78994036    
   4.79527760    
   4.80039549    
   4.80529165    
   4.80996466    
   4.81441259    
   4.81863499    
   4.82263088    
   4.82639837    
   4.82993603    
   4.83324432    
   4.83632135    
   4.83916569    
   4.84177732    
   4.84415531    
   4.84624958    
   4.84816408    
   4.84984350    
   4.85128593    
   4.85249233    
   4.85346222    
   4.85419512    
   4.85468960    
   4.85494757    
   4.85496807    
   4.85475111    
   4.85429621    
   4.85360384    
   4.85267448    
   4.85150909    
   4.85010624    
   4.84846783    
   4.84659290    
   4.84448433    
   4.84214020    
   4.83956242    
   4.83675194    
   4.83370924    
   4.83043480    
   4.82693005    
   4.82328987    
   4.81933355    
   4.81514978    
   4.81073999    
   4.80610514    
   4.80124712    
   4.79616737    
   4.79086685    
   4.78534698    
   4.77960968    
   4.77365685    
   4.76748943    
   4.76110935    
   4.75451899    
   4.74771976    
   4.74071264    
   4.73350048    
   4.72608566    
   4.71846962    
   4.71065426    
   4.70264149    
   4.69443464    
   4.68603468    
   4.67744398    
   4.66866541    
   4.65992117    
   4.65077782    
   4.64145279    
   4.63194847    
   4.62226772    
   4.61241341    
   4.60238743    
   4.59219217    
   4.58183050    
   4.57130527    
   4.56061840    
   4.54977274    
   4.53877068    
   4.52761507    
   4.51630926    
   4.50485468    
   4.49325418    
   4.48151207    
   4.46962929    
   4.45760870    
   4.44545364    
   4.43316650    
   4.42075062    
   4.40820789    
   4.39554119    
   4.38306713    
   4.37016439    
   4.35714626    
   4.34401464    
   4.33077335    
   4.31742477    
   4.30397129    
   4.29041576    
   4.27676153    
   4.26301003    
   4.24916553    
   4.23522949    
   4.22120476    
   4.20709467    
   4.19290113    
   4.17862701    
   4.16427517    
   4.14984798    
   4.13534832    
   4.12077808    
   4.10614014    
   4.09143734    
   4.07667255    
   4.06184673    
   4.04696369    
   4.03239012    
   4.01740074    
   4.00236034    
   3.98727226    
   3.97213840    
   3.95696139    
   3.94174314    
   3.92648602    
   3.91119242    
   3.89586449    
   3.88050485    
   3.86511469    
   3.84969687    
   3.83425379    
   3.81878710    
   3.80329871    
   3.78779078    
   3.77226567    
   3.75672507    
   3.74117064    
   3.72560453    
   3.71002913    
   3.69444585    
   3.67885613    
   3.66326237    
   3.64804649    
   3.63244963    
   3.61685371    
   3.60126066    
   3.58567142    
   3.57008839    
   3.55451298    
   3.53894639    
   3.52339053    
   3.50784683    
   3.49231696    
   3.47680187    
   3.46130323    
   3.44582272    
   3.43036175    
   3.41492081    
   3.39950204    
   3.38410640    
   3.36873531    
   3.35338998    
   3.33807111    
   3.32278061    
   3.30751944    
   3.29228830    
   3.27708864    
   3.26229095    
   3.24715662    
   3.23205662    
   3.21699190    
   3.20196414    
   3.18697309    
   3.17202115    
   3.15710759    
   3.14223456    
   3.12740231    
   3.11261225    
   3.09786415    
   3.08315945    
   3.06849885    
   3.05388308    
   3.03931260    
   3.02478838    
   3.01031113    
   2.99588156    
   2.98149943    
   2.96716642    
   2.95288253    
   2.93864870    
   2.92446494    
   2.91033220    
   2.89659357    
   2.88256311    
   2.86858463    
   2.85465932    
   2.84078670    
   2.82696819    
   2.81320333    
   2.79949331    
   2.78583765    
   2.77223706    
   2.75869226    
   2.74520326    
   2.73176980    
   2.71839333    
   2.70507336    
   2.69180989    
   2.67860365    
   2.66545486    
   2.65236354    
   2.63933015    
   2.62635469    
   2.61343741    
   2.60057831    
   2.58777761    
   2.57503557    
   2.56266069    
   2.55003476    
   2.53746772    
   2.52495956    
   2.51251054    
   2.50012064    
   2.48779011    
   2.47551870    
   2.46330667    
   2.45115376    
   2.43906069    
   2.42702675    
   2.41505218    
   2.40313673    
   2.39128113    
   2.37948465    
   2.36774755    
   2.35606956    
   2.34445095    
   2.33289146    
   2.32139111    
   2.30995011    
   2.29856753    
   2.28724432    
   2.27597952    
   2.26504636    
   2.25389767    
   2.24280763    
   2.23177552    
   2.22080231    
   2.20988727    
   2.19902968    
   2.18823051    
   2.17748880    
   2.16680479    
   2.15617824    
   2.14560938    
   2.13509727    
   2.12464213    
   2.11424422    
   2.10390258    
   2.09361768    
   2.08338904    
   2.07321668    
   2.06309986    
   2.05303907    
   2.04303408    
   2.03308415    
   2.02318954    
   2.01335001    
   2.00380325    
   1.99407160    
   1.98439443    
   1.97477126    
   1.96520233    
   1.95568705    
   1.94622529    
   1.93681681    
   1.92746139    
   1.91815889    
   1.90890896    
   1.89971161    
   1.89056623    
   1.88147283    
   1.87243140    
   1.86344111    
   1.85450220    
   1.84561431    
   1.83677745    
   1.82799077    
   1.81925464    
   1.81056869    
   1.80193222    
   1.79334545    
   1.78480804    
   1.77652621    
   1.76808560    
   1.75969374    
   1.75135005    
   1.74305463    
   1.73480713    
   1.72660708    
   1.71845448    
   1.71034908    
   1.70229053    
   1.69427872    
   1.68631327    
   1.67839384    
   1.67052054    
   1.66269279    
   1.65491045    
   1.64717340    
   1.63948107    
   1.63183355    
   1.62423027    
   1.61667144    
   1.60915637    
   1.60168529    
   1.59425735    
   1.58687258    
   1.57970953    
   1.57240939    
   1.56515181    
   1.55793631    
   1.55076313    
   1.54363132    
   1.53654134    
   1.52949238    
   1.52248466    
   1.51551759    
   1.50859094    
   1.50170457    
   1.49485850    
   1.48805213    
   1.48128557    
   1.47455812    
   1.46786964    
   1.46122026    
   1.45460951    
   1.44803715    
   1.44150305    
   1.43500674    
   1.42854834    
   1.42212737    
   1.41574347    
   1.40955126    
   1.40324044    
   1.39696622    
   1.39072835    
   1.38452661    
   1.37836099    
   1.37223101    
   1.36613631    
   1.36007702    
   1.35405266    
   1.34806311    
   1.34210813    
   1.33618772    
   1.33030128    
   1.32444906    
   1.31863034    
   1.31284535    
   1.30709362    
   1.30137491    
   1.29568911    
   1.29003596    
   1.28441536    
   1.27882719    
   1.27327096    
   1.26774657    
   1.26238751    
   1.25692558    
   1.25149488    
   1.24609518    
