  0.651285052    
  0.655569792    
  0.659896493    
  0.664265454    
  0.668677390    
  0.673132777    
  0.677632153    
  0.682176232    
  0.686765432    
  0.691400290    
  0.696081638    
  0.700809956    
  0.705468833    
  0.710291862    
  0.715163648    
  0.720085025    
  0.725056589    
  0.730078995    
  0.735152841    
  0.740278959    
  0.745458066    
  0.750690818    
  0.755977929    
  0.761320174    
  0.766718388    
  0.772173226    
  0.777685404    
  0.783255875    
  0.788885415    
  0.794574797    
  0.800324917    
  0.806136489    
  0.812010586    
  0.817947924    
  0.823949456    
  0.830016017    
  0.836148679    
  0.842196286    
  0.848462224    
  0.854797006    
  0.861201704    
  0.867677152    
  0.874224663    
  0.880845070    
  0.887539506    
  0.894309044    
  0.901154876    
  0.908078015    
  0.915079594    
  0.922160864    
  0.929323018    
  0.936567128    
  0.943894565    
  0.951306581    
  0.958804369    
  0.966389239    
  0.974062502    
  0.981825650    
  0.989679992    
  0.997626722    
   1.00566745    
   1.01380372    
   1.02183485    
   1.03016400    
   1.03859305    
   1.04712355    
   1.05575716    
   1.06449544    
   1.07334018    
   1.08229280    
   1.09135532    
   1.10052943    
   1.10981667    
   1.11921918    
   1.12873864    
   1.13837695    
   1.14813614    
   1.15801811    
   1.16802490    
   1.17815852    
   1.18842113    
   1.19881487    
   1.20934176    
   1.22000420    
   1.23080432    
   1.24174464    
   1.25282729    
   1.26377916    
   1.27515042    
   1.28667116    
   1.29834437    
   1.31017244    
   1.32215810    
   1.33430398    
   1.34661293    
   1.35908771    
   1.37173128    
   1.38454652    
   1.39753664    
   1.41070461    
   1.42405355    
   1.43758643    
   1.45130706    
   1.46521854    
   1.47932410    
   1.49362743    
   1.50813198    
   1.52284157    
   1.53776002    
   1.55289078    
   1.56823790    
   1.58380568    
   1.59920967    
   1.61522460    
   1.63147247    
   1.64795721    
   1.66468358    
   1.68165600    
   1.69887912    
   1.71635759    
   1.73409653    
   1.75210059    
   1.77037501    
   1.78892469    
   1.80775547    
   1.82687235    
   1.84628093    
   1.86598718    
   1.88599658    
   1.90631497    
   1.92694890    
   1.94790399    
   1.96918714    
   1.99080455    
   2.01276302    
   2.03506923    
   2.05773020    
   2.08018732    
   2.10357022    
   2.12732983    
   2.15147352    
   2.17600918    
   2.20094466    
   2.22628856    
   2.25204897    
   2.27823448    
   2.30485392    
   2.33191657    
   2.35943103    
   2.38740754    
   2.41585517    
   2.44478393    
   2.47420382    
   2.50412583    
   2.53455997    
   2.56551743    
   2.59700871    
   2.62904620    
   2.66164112    
   2.69480515    
   2.72855091    
   2.76289105    
   2.79697847    
   2.83253002    
   2.86871529    
   2.90554714    
   2.94304013    
   2.98120880    
   3.02006793    
   3.05963206    
   3.09991765    
   3.14093947    
   3.18271470    
   3.22525930    
   3.26859021    
   3.31272507    
   3.35768175    
   3.40347791    
   3.45013309    
   3.49766517    
   3.54609418    
   3.59543967    
   3.64572239    
   3.69696283    
   3.74918199    
   3.80240202    
   3.85664463    
   3.91057134    
   3.96690083    
   4.02432203    
   4.08285809    
   4.14253378    
   4.20337439    
   4.26540422    
   4.32865000    
   4.39313793    
   4.45889473    
   4.52594757    
   4.59432411    
   4.66405201    
   4.73516035    
   4.80767870    
   4.88163471    
   4.95705986    
   5.03398275    
   5.11243486    
   5.19244576    
   5.27404785    
   5.35727072    
   5.44214773    
   5.52870846    
   5.61698580    
   5.70479441    
   5.79655504    
   5.89012671    
   5.98553991    
   6.08282709    
   6.18201780    
   6.28314447    
   6.38623476    
   6.49132061    
   6.59842825    
   6.70758867    
   6.81882524    
   6.93216753    
   7.04763651    
   7.16525793    
   7.28505182    
   7.40703821    
   7.53123331    
   7.65765476    
   7.78631210    
   7.91721869    
   8.05037880    
   8.18579769    
   8.32347298    
   8.46340370    
   8.60208511    
   8.74643898    
   8.89300919    
   9.04177094    
   9.19269657    
   9.34574986    
   9.50089264    
   9.65807152    
   9.81723499    
   9.97831631    
   10.1412468    
   10.3059406    
   10.4723139    
   10.6402617    
   10.8096790    
   10.9804401    
   11.1524210    
   11.3254719    
   11.4994459    
   11.6741714    
   11.8494749    
   12.0251617    
   12.2010317    
   12.3768682    
   12.5524426    
   12.7232513    
   12.8975887    
   13.0709085    
   13.2429352    
   13.4133797    
   13.5819407    
   13.7483091    
   13.9121656    
   14.0731812    
   14.2310209    
   14.3853436    
   14.5358019    
   14.6820469    
   14.8237276    
   14.9604902    
   15.0919895    
   15.2178764    
   15.3378105    
   15.4514608    
   15.5585060    
   15.6586323    
   15.7515459    
   15.8369656    
   15.9146280    
   15.9842920    
   16.0443382    
   16.0975742    
   16.1422253    
   16.1781483    
   16.2052231    
   16.2233582    
   16.2324963    
   16.2326069    
   16.2236881    
   16.2057705    
   16.1789150    
   16.1432076    
   16.0987644    
   16.0457382    
   15.9842920    
   15.9146280    
   15.8369656    
   15.7515459    
   15.6586323    
   15.5585060    
   15.4514608    
   15.3378105    
   15.2178764    
   15.0919895    
   14.9604902    
   14.8271227    
   14.6855583    
   14.5394201    
   14.3890600    
   14.2348280    
   14.0770702    
   13.9161282    
   13.7523375    
   13.5860262    
   13.4175148    
   13.2471132    
   13.0751209    
   12.9018288    
   12.7275133    
   12.5524426    
   12.3768682    
   12.2010317    
   12.0251617    
   11.8494749    
   11.6741714    
   11.4994459    
   11.3254719    
   11.1524210    
   10.9804401    
   10.8096790    
   10.6443777    
   10.4763899    
   10.3099804    
   10.1452417    
   9.98226929    
   9.82114124    
   9.66193104    
   9.50470066    
   9.34951019    
   9.19640350    
   9.04542732    
   8.89661121    
   8.74998856    
   8.60557938    
   8.46340370    
   8.32347298    
   8.18579769    
   8.05037880    
   7.91721869    
   7.78631210    
   7.65765476    
   7.53123331    
   7.40703821    
   7.28505182    
   7.16525793    
   7.05048037    
   6.93495798    
   6.82156515    
   6.71027613    
   6.60106659    
   6.49390793    
   6.38877439    
   6.28563452    
   6.18446159    
   6.08522320    
   5.98789072    
   5.89243126    
   5.79881573    
   5.70701027    
   5.61698580    
   5.52870846    
   5.44214773    
   5.35727072    
   5.27404785    
   5.19244576    
   5.11243486    
   5.03398275    
   4.95705986    
   4.88163471    
   4.80767870    
   4.73691273    
   4.66576958    
   4.59600878    
   4.52759933    
   4.46051455    
   4.39472675    
   4.33020830    
   4.26693249    
   4.20487309    
   4.14400387    
   4.08430004    
   4.02573633    
   3.96828842    
   3.91193223    
   3.85664463    
   3.80240202    
   3.74918199    
   3.69696283    
   3.64572239    
   3.59543967    
   3.54609418    
   3.49766517    
   3.45013309    
   3.40347791    
   3.35768175    
   3.31381178    
   3.26965690    
   3.22630644    
   3.18374300    
   3.14194942    
   3.10090923    
   3.06060624    
   3.02102423    
   2.98214817    
   2.94396281    
   2.90645361    
   2.86960554    
   2.83340502    
   2.79783797    
   2.76289105    
   2.72855091    
   2.69480515    
   2.66164112    
   2.62904620    
   2.59700871    
   2.56551743    
   2.53455997    
   2.50412583    
   2.47420382    
   2.44478393    
   2.41655493    
   2.38809586    
   2.36010814    
   2.33258224    
   2.30550885    
   2.27887869    
   2.25268245    
   2.22691202    
   2.20155811    
   2.17661238    
   2.15206742    
   2.12791419    
   2.10414529    
   2.08075309    
   2.05773020    
   2.03506923    
   2.01276302    
   1.99080455    
   1.96918714    
   1.94790399    
   1.92694890    
   1.90631497    
   1.88599658    
   1.86598718    
   1.84628093    
   1.82734227    
   1.80821836    
   1.78938067    
   1.77082407    
   1.75254297    
   1.73453236    
   1.71678710    
   1.69930232    
   1.68207312    
   1.66509461    
   1.64836228    
   1.63187158    
   1.61561823    
   1.59959745    
   1.58380568    
   1.56823790    
   1.55289078    
   1.53776002    
   1.52284157    
   1.50813198    
   1.49362743    
   1.47932410    
   1.46521854    
   1.45130706    
   1.43758643    
   1.42438126    
   1.41102815    
   1.39785576    
   1.38486135    
   1.37204182    
   1.35939419    
   1.34691513    
   1.33460224    
   1.32245243    
   1.31046295    
   1.29863095    
   1.28695405    
   1.27542961    
   1.26405478    
   1.25282729    
   1.24174464    
   1.23080432    
   1.22000420    
   1.20934176    
   1.19881487    
   1.18842113    
   1.17815852    
   1.16802490    
   1.15801811    
   1.14813614    
   1.13861358    
   1.12897229    
   1.11944985    
   1.11004460    
   1.10075450    
   1.09157777    
   1.08251250    
   1.07355714    
   1.06470990    
   1.05596912    
   1.04733288    
   1.03879988    
   1.03036833    
   1.02203679    
   1.01380372    
   1.00566745    
  0.997626722    
  0.989679992    
  0.981825650    
  0.974062502    
  0.966389239    
  0.958804369    
  0.951306581    
  0.943894565    
  0.936567128    
  0.929498732    
  0.922334611    
  0.915251374    
  0.908247769    
  0.901322842    
  0.894475162    
  0.887703717    
  0.881007493    
  0.874385238    
  0.867836058    
  0.861358762    
  0.854952335    
  0.848615944    
  0.842348397    
  0.836148679    
  0.830016017    
  0.823949456    
  0.817947924    
  0.812010586    
  0.806136489    
  0.800324917    
  0.794574797    
  0.788885415    
  0.783255875    
  0.777685404    
  0.772306919    
  0.766850770    
  0.761451185    
  0.756107628    
  0.750819147    
  0.745585084    
  0.740404606    
  0.735277176    
  0.730202079    
  0.725178480    
  0.720205724    
