  0.906496823    
  0.911298990    
  0.916137815    
  0.921013594    
  0.925926805    
  0.930877626    
  0.935866594    
  0.940893948    
  0.945960224    
  0.951065540    
  0.956210613    
  0.961395562    
  0.966493011    
  0.971758127    
  0.977064431    
  0.982412338    
  0.987802207    
  0.993234456    
  0.998709500    
   1.00422776    
   1.00978982    
   1.01539600    
   1.02104664    
   1.02674234    
   1.03248358    
   1.03827059    
   1.04410398    
   1.04998434    
   1.05591190    
   1.06188738    
   1.06791115    
   1.07398355    
   1.08010542    
   1.08627689    
   1.09249854    
   1.09877133    
   1.10509515    
   1.11131489    
   1.11774170    
   1.12422144    
   1.13075471    
   1.13734198    
   1.14398372    
   1.15068054    
   1.15743315    
   1.16424203    
   1.17110789    
   1.17803097    
   1.18501222    
   1.19205213    
   1.19915128    
   1.20631015    
   1.21352983    
   1.22081041    
   1.22815299    
   1.23555791    
   1.24302590    
   1.25055778    
   1.25815415    
   1.26581550    
   1.27354264    
   1.28133631    
   1.28900492    
   1.29693210    
   1.30492795    
   1.31299317    
   1.32112873    
   1.32933497    
   1.33761287    
   1.34596312    
   1.35438657    
   1.36288404    
   1.37145627    
   1.38010395    
   1.38882816    
   1.39762950    
   1.40650880    
   1.41546714    
   1.42450523    
   1.43362391    
   1.44282389    
   1.45210636    
   1.46147203    
   1.47092199    
   1.48045695    
   1.49007797    
   1.49978590    
   1.50934184    
   1.51922441    
   1.52919674    
   1.53925979    
   1.54941475    
   1.55966258    
   1.57000411    
   1.58044052    
   1.59097278    
   1.60160196    
   1.61232924    
   1.62315559    
   1.63408208    
   1.64510989    
   1.65623999    
   1.66747379    
   1.67881203    
   1.69025636    
   1.70180762    
   1.71346688    
   1.72523582    
   1.73711514    
   1.74910617    
   1.76121032    
   1.77342880    
   1.78546059    
   1.79790866    
   1.81047475    
   1.82316017    
   1.83596635    
   1.84889448    
   1.86194611    
   1.87512243    
   1.88842487    
   1.90185487    
   1.91541374    
   1.92910290    
   1.94292390    
   1.95687830    
   1.97096717    
   1.98519218    
   1.99955499    
   2.01405692    
   2.02869940    
   2.04348421    
   2.05841279    
   2.07348680    
   2.08870769    
   2.10407710    
   2.11959672    
   2.13488388    
   2.15070486    
   2.16668081    
   2.18281341    
   2.19910455    
   2.21555567    
   2.23216867    
   2.24894500    
   2.26588678    
   2.28299570    
   2.30027318    
   2.31772113    
   2.33534169    
   2.35313630    
   2.37110686    
   2.38925529    
   2.40758371    
   2.42609334    
   2.44478655    
   2.46366477    
   2.48273039    
   2.50198531    
   2.52143097    
   2.54106951    
   2.56090283    
   2.58044243    
   2.60066676    
   2.62109137    
   2.64171886    
   2.66255093    
   2.68358970    
   2.70483685    
   2.72629452    
   2.74796462    
   2.76984978    
   2.79195118    
   2.81427097    
   2.83681130    
   2.85957432    
   2.88256168    
   2.90577555    
   2.92921782    
   2.95289063    
   2.97679639    
   3.00093603    
   3.02531195    
   3.04992652    
   3.07478142    
   3.09987831    
   3.12521911    
   3.15017915    
   3.17600775    
   3.20208645    
   3.22841620    
   3.25499940    
   3.28183770    
   3.30893302    
   3.33628654    
   3.36390066    
   3.39177656    
   3.41991591    
   3.44832015    
   3.47699142    
   3.50593042    
   3.53513956    
   3.56461906    
   3.59437108    
   3.62439704    
   3.65469718    
   3.68527365    
   3.71612692    
   3.74725842    
   3.77866888    
   3.81035900    
   3.84232998    
   3.87379241    
   3.90631962    
   3.93912911    
   3.97222137    
   4.00559759    
   4.03925610    
   4.07319880    
   4.10742474    
   4.14193392    
   4.17672586    
   4.21180058    
   4.24715710    
   4.28279543    
   4.31871367    
   4.35491133    
   4.39138794    
   4.42814064    
   4.46516943    
   4.50247192    
   4.54004622    
   4.57788992    
   4.61600208    
   4.65437889    
   4.69301796    
   4.73191690    
   4.77011395    
   4.80951595    
   4.84916782    
   4.88906527    
   4.92920399    
   4.96958065    
   5.01018953    
   5.05102587    
   5.09208536    
   5.13336182    
   5.17484903    
   5.21654177    
   5.25843430    
   5.30051804    
   5.34278774    
   5.38523436    
   5.42785168    
   5.47063112    
   5.51356411    
   5.55664206    
   5.59985638    
   5.64319706    
   5.68665361    
   5.73021793    
   5.77387667    
   5.81655359    
   5.86036968    
   5.90424776    
   5.94817543    
   5.99214125    
   6.03613043    
   6.08013153    
   6.12412977    
   6.16811132    
   6.21206093    
   6.25596476    
   6.29980707    
   6.34357166    
   6.38724279    
   6.43080425    
   6.47423840    
   6.51752853    
   6.56065655    
   6.60360479    
   6.64635420    
   6.68888807    
   6.73118448    
   6.77322626    
   6.81499338    
   6.85646486    
   6.89662075    
   6.93744946    
   6.97792244    
   7.01801777    
   7.05771494    
   7.09699249    
   7.13582850    
   7.17420101    
   7.21208954    
   7.24947023    
   7.28632259    
   7.32262325    
   7.35835075    
   7.39348269    
   7.42799759    
   7.46187210    
   7.49508619    
   7.52761602    
   7.55944109    
   7.59053946    
   7.62089062    
   7.65047169    
   7.67926359    
   7.70724487    
   7.73439693    
   7.76006603    
   7.78551912    
   7.81008482    
   7.83374405    
   7.85647917    
   7.87827253    
   7.89910793    
   7.91896868    
   7.93783903    
   7.95570469    
   7.97255182    
   7.98836565    
   8.00313473    
   8.01684570    
   8.02948952    
   8.04105377    
   8.05152893    
   8.06090832    
   8.06918335    
   8.07634544    
   8.08239174    
   8.08731365    
   8.09111118    
   8.09377670    
   8.09531212    
   8.09571648    
   8.09501076    
   8.09317303    
   8.09020329    
   8.08610439    
   8.08087921    
   8.07453442    
   8.06707191    
   8.05850029    
   8.04882622    
   8.03805733    
   8.02620220    
   8.01327229    
   7.99927521    
   7.98422480    
   7.96813250    
   7.95101166    
   7.93287420    
   7.91373682    
   7.89361238    
   7.87251902    
   7.85047102    
   7.82748652    
   7.80358219    
   7.77877712    
   7.75372601    
   7.72719431    
   7.69981813    
   7.67161703    
   7.64261150    
   7.61282158    
   7.58226871    
   7.55097294    
   7.51895666    
   7.48624086    
   7.45284843    
   7.41879892    
   7.38411665    
   7.34882259    
   7.31293964    
   7.27648830    
   7.23949194    
   7.20197296    
   7.16395330    
   7.12545347    
   7.08649731    
   7.04710484    
   7.00729895    
   6.96710014    
   6.92652988    
   6.88661098    
   6.84536791    
   6.80381536    
   6.76197338    
   6.71986103    
   6.67749882    
   6.63490582    
   6.59210062    
   6.54910278    
   6.50592852    
   6.46259832    
   6.41912889    
   6.37553644    
   6.33183813    
   6.28805161    
   6.24419117    
   6.20027351    
   6.15631342    
   6.11232662    
   6.06832600    
   6.02432680    
   5.98034239    
   5.93638611    
   5.89247036    
   5.84860754    
   5.80587721    
   5.76215458    
   5.71852016    
   5.67498350    
   5.63155699    
   5.58824921    
   5.54507113    
   5.50203133    
   5.45913792    
   5.41640139    
   5.37382936    
   5.33142900    
   5.28920889    
   5.24717569    
   5.20533657    
   5.16369820    
   5.12226629    
   5.08104753    
   5.04004765    
   4.99927139    
   4.95872498    
   4.91841173    
   4.87833691    
   4.83850527    
   4.79892015    
   4.76054192    
   4.72145510    
   4.68262577    
   4.64405632    
   4.60575056    
   4.56771040    
   4.52993870    
   4.49243689    
   4.45520830    
   4.41825294    
   4.38157415    
   4.34517241    
   4.30904913    
   4.27320623    
   4.23764372    
   4.20236254    
   4.16736364    
   4.13264751    
   4.09821463    
   4.06406450    
   4.03019810    
   3.99661493    
   3.96331549    
   3.93029857    
   3.89756513    
   3.86590147    
   3.83372474    
   3.80182910    
   3.77021432    
   3.73887873    
   3.70782208    
   3.67704320    
   3.64654064    
   3.61631417    
   3.58636212    
   3.55668330    
   3.52727628    
   3.49814010    
   3.46927285    
   3.44067335    
   3.41234016    
   3.38427186    
   3.35646629    
   3.32892251    
   3.30163813    
   3.27461219    
   3.24784231    
   3.22132754    
   3.19506502    
   3.16905379    
   3.14391708    
   3.11839628    
   3.09312081    
   3.06808925    
   3.04329896    
   3.01874900    
   2.99443650    
   2.97035956    
   2.94651675    
   2.92290592    
   2.89952517    
   2.87637210    
   2.85344505    
   2.83074236    
   2.80826116    
   2.78600001    
   2.76395702    
   2.74213004    
   2.72051668    
   2.69911575    
   2.67792463    
   2.65694165    
   2.63616467    
   2.61559176    
   2.59522104    
   2.57553983    
   2.55556250    
   2.53578162    
   2.51619482    
   2.49680066    
   2.47759676    
   2.45858169    
   2.43975306    
   2.42110944    
   2.40264869    
   2.38436866    
   2.36626816    
   2.34834504    
   2.33059716    
   2.31302309    
   2.29562092    
   2.27838898    
   2.26132536    
   2.24442792    
   2.22769547    
   2.21112609    
   2.19471812    
   2.17846990    
   2.16237926    
   2.14644504    
   2.13104844    
   2.11541796    
   2.09993887    
   2.08460951    
   2.06942821    
   2.05439353    
   2.03950357    
   2.02475691    
   2.01015234    
   1.99568808    
   1.98136222    
   1.96717381    
   1.95312119    
   1.93920302    
   1.92541742    
   1.91176319    
   1.89823914    
   1.88484347    
   1.87157500    
   1.85843217    
   1.84541380    
   1.83251858    
   1.81974494    
   1.80709159    
   1.79455733    
   1.78244245    
   1.77013958    
   1.75795174    
   1.74587798    
   1.73391688    
   1.72206748    
   1.71032822    
   1.69869792    
   1.68717551    
   1.67575979    
   1.66444945    
   1.65324378    
   1.64214110    
   1.63114071    
   1.62024105    
   1.60944140    
   1.59874070    
   1.58813751    
   1.57763100    
   1.56722021    
   1.55690396    
   1.54668128    
   1.53655100    
   1.52651238    
   1.51656413    
   1.50694489    
   1.49717271    
   1.48748827    
   1.47789037    
   1.46837831    
   1.45895112    
   1.44960773    
   1.44034755    
   1.43116927    
   1.42207253    
   1.41305590    
   1.40411878    
   1.39526057    
   1.38647997    
   1.37777627    
   1.36914897    
   1.36059701    
   1.35211945    
   1.34371567    
   1.33538485    
   1.32712626    
   1.31893909    
   1.31082261    
   1.30277598    
   1.29479849    
   1.28708172    
   1.27923882    
   1.27146304    
   1.26375353    
   1.25610971    
   1.24853075    
   1.24101615    
   1.23356509    
   1.22617686    
   1.21885109    
   1.21158683    
   1.20438361    
   1.19724071    
   1.19015753    
   1.18313336    
   1.17616785    
   1.16926014    
   1.16240978    
   1.15561604    
   1.14887846    
   1.14219642    
   1.13556933    
   1.12899661    
   1.12247777    
   1.11601222    
   1.10975516    
   1.10339355    
   1.09708345    
   1.09082448    
   1.08461618    
   1.07845807    
   1.07234955    
   1.06629014    
